   2.000000      8.4324929E-09  9.3780121E-09
   3.000000      2.5694564E-09  2.0063322E-09
   4.000000      1.0668353E-09  6.8305550E-10
   5.000000      5.2882781E-10  2.9558908E-10
   6.000000      2.9415384E-10  1.4858670E-10
   7.000000      1.7749678E-10  8.2822756E-11
   8.000000      1.1380299E-10  4.9805379E-11
   9.000000      7.6492208E-11  3.1745832E-11
   10.00000      5.3386615E-11  2.1190034E-11
   11.00000      3.8435310E-11  1.4684455E-11
   12.00000      2.8386510E-11  1.0497420E-11
   13.00000      2.1423021E-11  7.7035878E-12
   14.00000      1.6472355E-11  5.7814053E-12
   15.00000      1.2873266E-11  4.4236450E-12
   16.00000      1.0205070E-11  3.4423822E-12
   17.00000      8.1925283E-12  2.7191287E-12
   18.00000      6.6512009E-12  2.1763940E-12
   19.00000      5.4538023E-12  1.7627012E-12
   20.00000      4.5118800E-12  1.4429357E-12
   21.00000      3.7632081E-12  1.1925928E-12
   22.00000      3.1627307E-12  9.9429980E-13
   23.00000      2.6763871E-12  8.3564866E-13
   24.00000      2.2790539E-12  7.0744409E-13
   25.00000      1.9519670E-12  6.0296202E-13
   26.00000      1.6808588E-12  5.1710155E-13
   27.00000      1.4545557E-12  4.4602213E-13
   28.00000      1.2645275E-12  3.8676747E-13
   29.00000      1.1040251E-12  3.3706187E-13
   30.00000      9.6774108E-13  2.9510590E-13
   31.00000      8.5148018E-13  2.5949425E-13
   32.00000      7.5185621E-13  2.2910956E-13
   33.00000      6.6610915E-13  2.0305422E-13
   34.00000      5.9199943E-13  1.8061663E-13
   35.00000      5.2769827E-13  1.6119898E-13
   36.00000      4.7171159E-13  1.4433025E-13
   37.00000      4.2278925E-13  1.2962198E-13
   38.00000      3.7990151E-13  1.1674727E-13
   39.00000      3.4218938E-13  1.0543506E-13
   40.00000      3.0892227E-13  9.5468982E-14
   41.00000      2.7949211E-13  8.6655103E-14
   42.00000      2.5339431E-13  7.8842701E-14
   43.00000      2.3018753E-13  7.1892762E-14
   44.00000      2.0950089E-13  6.5698532E-14
   45.00000      1.9102091E-13  6.0160312E-14
   46.00000      1.7447236E-13  5.5195960E-14
   47.00000      1.5962481E-13  5.0737124E-14
   48.00000      1.4627638E-13  4.6720579E-14
   49.00000      1.3425018E-13  4.3097514E-14
   50.00000      1.2339747E-13  3.9821391E-14
   51.00000      1.1358246E-13  3.6850497E-14
   52.00000      1.0469294E-13  3.4156407E-14
   53.00000      9.6626971E-14  3.1704995E-14
   54.00000      8.9297053E-14  2.9471292E-14
   55.00000      8.2624750E-14  2.7431401E-14
   56.00000      7.6541211E-14  2.5567654E-14
   57.00000      7.0987073E-14  2.3860286E-14
   58.00000      6.5908589E-14  2.2294885E-14
   59.00000      6.1259347E-14  2.0857222E-14
   60.00000      5.6997044E-14  1.9533923E-14
   61.00000      5.3084134E-14  1.8314817E-14
   62.00000      4.9488144E-14  1.7190581E-14
   63.00000      4.6180016E-14  1.6152319E-14
   64.00000      4.3132913E-14  1.5192498E-14
   65.00000      4.0322848E-14  1.4302988E-14
   66.00000      3.7728352E-14  1.3478225E-14
   67.00000      3.5331509E-14  1.2713655E-14
   68.00000      3.3113547E-14  1.2002498E-14
   69.00000      3.1060115E-14  1.1341568E-14
   70.00000      2.9156460E-14  1.0726040E-14
   71.00000      2.7390413E-14  1.0152149E-14
   72.00000      2.5750410E-14  9.6163811E-15
   73.00000      2.4225998E-14  9.1159642E-15
   74.00000      2.2807711E-14  8.6481598E-15
   75.00000      2.1486969E-14  8.2106436E-15
   76.00000      2.0256790E-14  7.8008312E-15
   77.00000      1.9109202E-14  7.4162918E-15
   78.00000      1.8038134E-14  7.0558188E-15
   79.00000      1.7037668E-14  6.7174007E-15
   80.00000      1.6102076E-14  6.3994114E-15
   81.00000      1.5226795E-14  6.1000657E-15
   82.00000      1.4407614E-14  5.8186746E-15
   83.00000      1.3639802E-14  5.5533737E-15
   84.00000      1.2920166E-14  5.3032919E-15
   85.00000      1.2245209E-14  5.0673378E-15
   86.00000      1.1611718E-14  4.8445757E-15
   87.00000      1.1016747E-14  4.6343502E-15
   88.00000      1.0457587E-14  4.4355139E-15
   89.00000      9.9317442E-15  4.2475306E-15
   90.00000      9.4371295E-15  4.0692640E-15
   91.00000      8.9712080E-15  3.9005939E-15
   92.00000      8.5324305E-15  3.7408748E-15
   93.00000      8.1187922E-15  3.5893495E-15
   94.00000      7.7286293E-15  3.4456610E-15
   95.00000      7.3604029E-15  3.3091134E-15
   96.00000      7.0128471E-15  3.1794887E-15
   97.00000      6.6844732E-15  3.0562609E-15
   98.00000      6.3742050E-15  2.9389703E-15
   99.00000      6.0807517E-15  2.8274409E-15
   100.0000      5.8030625E-15  2.7213138E-15
   101.0000      5.5402905E-15  2.6201969E-15
   102.0000      5.2915122E-15  2.5239966E-15
   103.0000      5.0557516E-15  2.4322130E-15
   104.0000      4.8322226E-15  2.3445410E-15
   105.0000      4.6204161E-15  2.2609385E-15
   106.0000      4.4194130E-15  2.1811977E-15
   107.0000      4.2285786E-15  2.1048938E-15
   108.0000      4.0475190E-15  2.0320380E-15
   109.0000      3.8754684E-15  1.9623013E-15
   110.0000      3.7120033E-15  1.8957095E-15
   111.0000      3.5566321E-15  1.8319588E-15
   112.0000      3.4088938E-15  1.7709790E-15
   113.0000      3.2683586E-15  1.7125351E-15
   114.0000      3.1346229E-15  1.6565420E-15
   115.0000      3.0072327E-15  1.6029381E-15
   116.0000      2.8859162E-15  1.5514689E-15
   117.0000      2.7704131E-15  1.5021347E-15
   118.0000      2.6602660E-15  1.4548295E-15
   119.0000      2.5552568E-15  1.4094428E-15
   120.0000      2.4550460E-15  1.3658480E-15
   121.0000      2.3595075E-15  1.3239998E-15
   122.0000      2.2683316E-15  1.2837630E-15
   123.0000      2.1812314E-15  1.2451128E-15
   124.0000      2.0980551E-15  1.2078700E-15
   125.0000      2.0186553E-15  1.1720745E-15
   126.0000      1.9427296E-15  1.1376563E-15
   127.0000      1.8701556E-15  1.1044723E-15
   128.0000      1.8007641E-15  1.0725031E-15
   129.0000      1.7343470E-15  1.0417658E-15
   130.0000      1.6708524E-15  1.0121274E-15
   131.0000      1.6100883E-15  9.8361616E-16
   132.0000      1.5518762E-15  9.5613238E-16
   133.0000      1.4961363E-15  9.2965720E-16
   134.0000      1.4427490E-15  9.0411831E-16
   135.0000      1.3916008E-15  8.7947442E-16
   136.0000      1.3425846E-15  8.5569301E-16
   137.0000      1.2955990E-15  8.3276203E-16
   138.0000      1.2505113E-15  8.1059989E-16
   139.0000      1.2072695E-15  7.8918531E-16
   140.0000      1.1657876E-15  7.6849690E-16
   141.0000      1.1259501E-15  7.4853048E-16
   142.0000      1.0877486E-15  7.2922268E-16
   143.0000      1.0510425E-15  7.1057255E-16
   144.0000      1.0157964E-15  6.9250222E-16
   145.0000      9.8191373E-16  6.7502078E-16
   146.0000      9.4936374E-16  6.5814285E-16
   147.0000      9.1808694E-16  6.4176579E-16
   148.0000      8.8802675E-16  6.2592738E-16
   149.0000      8.5910200E-16  6.1059746E-16
   150.0000      8.3129042E-16  5.9573135E-16
   151.0000      8.0451745E-16  5.8134079E-16
   152.0000      7.7876405E-16  5.6738539E-16
   153.0000      7.5396160E-16  5.5387601E-16
   154.0000      7.3011789E-16  5.4076722E-16
   155.0000      7.0712126E-16  5.2805373E-16
   156.0000      6.8500539E-16  5.1576217E-16
   157.0000      6.6366583E-16  5.0383124E-16
   158.0000      6.4313618E-16  4.9228480E-16
   159.0000      6.2333980E-16  4.8106135E-16
   160.0000      6.0424678E-16  4.7020006E-16
   161.0000      5.8584875E-16  4.5964052E-16
   162.0000      5.6811702E-16  4.4939778E-16
   163.0000      5.5100536E-16  4.3945274E-16
   164.0000      5.3448896E-16  4.2975432E-16
   165.0000      5.1856252E-16  4.2039598E-16
   166.0000      5.0318442E-16  4.1126539E-16
   167.0000      4.8835060E-16  4.0239872E-16
   168.0000      4.7403924E-16  3.9377556E-16
   169.0000      4.6019660E-16  3.8539761E-16
   170.0000      4.4685345E-16  3.7725940E-16
   171.0000      4.3394242E-16  3.6934422E-16
   172.0000      4.2147830E-16  3.6163492E-16
   173.0000      4.0944363E-16  3.5414548E-16
   174.0000      3.9780706E-16  3.4686267E-16
   175.0000      3.8655368E-16  3.3976771E-16
   176.0000      3.7566909E-16  3.3286828E-16
   177.0000      3.6515336E-16  3.2613127E-16
   178.0000      3.5499238E-16  3.1958556E-16
   179.0000      3.4514652E-16  3.1319091E-16
   180.0000      3.3563024E-16  3.0696085E-16
   181.0000      3.2643112E-16  3.0090234E-16
   182.0000      3.1751279E-16  2.9499876E-16
   183.0000      3.0888944E-16  2.8925765E-16
   184.0000      3.0053841E-16  2.8366720E-16
   185.0000      2.9246142E-16  2.7822981E-16
   186.0000      2.8462591E-16  2.7292513E-16
   187.0000      2.7704566E-16  2.6775911E-16
   188.0000      2.6970053E-16  2.6273249E-16
   189.0000      2.6259289E-16  2.5782926E-16
   190.0000      2.5569344E-16  2.5303344E-16
   191.0000      2.4901546E-16  2.4835901E-16
   192.0000      2.4253121E-16  2.4380398E-16
   193.0000      2.3625364E-16  2.3934507E-16
   194.0000      2.3016590E-16  2.3500709E-16
   195.0000      2.2426153E-16  2.3075337E-16
   196.0000      2.1854338E-16  2.2661747E-16
   197.0000      2.1298704E-16  2.2258086E-16
   198.0000      2.0759604E-16  2.1863384E-16
   199.0000      2.0237340E-16  2.1477363E-16
   200.0000      1.9729645E-16  2.1101413E-16
   201.0000      1.9237704E-16  2.0734060E-16
   202.0000      1.8759356E-16  2.0374836E-16
   203.0000      1.8295759E-16  2.0024469E-16
   204.0000      1.7844852E-16  1.9681740E-16
   205.0000      1.7407765E-16  1.9347040E-16
   206.0000      1.6982530E-16  1.9019454E-16
   207.0000      1.6570249E-16  1.8699896E-16
   208.0000      1.6169046E-16  1.8387148E-16
   209.0000      1.5779991E-16  1.8081676E-16
   210.0000      1.5401294E-16  1.7782002E-16
   211.0000      1.5033321E-16  1.7489139E-16
   212.0000      1.4675727E-16  1.7202973E-16
   213.0000      1.4328184E-16  1.6922924E-16
   214.0000      1.3990374E-16  1.6647968E-16
   215.0000      1.3661993E-16  1.6380196E-16
   216.0000      1.3342742E-16  1.6118486E-16
   217.0000      1.3032336E-16  1.5862525E-16
   218.0000      1.2730502E-16  1.5611719E-16
   219.0000      1.2436387E-16  1.5366954E-16
   220.0000      1.2150341E-16  1.5126567E-16
   221.0000      1.1872680E-16  1.4892000E-16
   222.0000      1.1602025E-16  1.4662004E-16
   223.0000      1.1338719E-16  1.4437941E-16
   224.0000      1.1082005E-16  1.4217985E-16
   225.0000      1.0832744E-16  1.4002127E-16
   226.0000      1.0589667E-16  1.3790718E-16
   227.0000      1.0353107E-16  1.3583582E-16
   228.0000      1.0122867E-16  1.3380345E-16
   229.0000      9.8987592E-17  1.3180922E-16
   230.0000      9.6801195E-17  1.2986151E-16
   231.0000      9.4677405E-17  1.2794883E-16
   232.0000      9.2604987E-17  1.2607511E-16
   233.0000      9.0587077E-17  1.2423832E-16
   234.0000      8.8617599E-17  1.2243687E-16
   235.0000      8.6699639E-17  1.2066878E-16
   236.0000      8.4831686E-17  1.1893444E-16
   237.0000      8.3012286E-17  1.1723366E-16
   238.0000      8.1240028E-17  1.1556895E-16
   239.0000      7.9509434E-17  1.1393528E-16
   240.0000      7.7823435E-17  1.1233391E-16
   241.0000      7.6176763E-17  1.1076211E-16
   242.0000      7.4572298E-17  1.0921876E-16
   243.0000      7.3008840E-17  1.0770733E-16
   244.0000      7.1485213E-17  1.0622483E-16
   245.0000      6.9996559E-17  1.0476366E-16
   246.0000      6.8545638E-17  1.0333061E-16
   247.0000      6.7127765E-17  1.0191933E-16
   248.0000      6.5745652E-17  1.0054175E-16
   249.0000      6.4398280E-17  9.9190013E-17
   250.0000      6.3081250E-17  9.7861416E-17
   251.0000      6.1797168E-17  9.6553782E-17
   252.0000      6.0545121E-17  9.5276337E-17
   253.0000      5.9320933E-17  9.4017441E-17
   254.0000      5.8127140E-17  9.2786861E-17
   255.0000      5.6959710E-17  9.1574717E-17
   256.0000      5.5821132E-17  9.0392034E-17
   257.0000      5.4707512E-17  8.9222169E-17
   258.0000      5.3621278E-17  8.8074499E-17
   259.0000      5.2561683E-17  8.6949441E-17
   260.0000      5.1525057E-17  8.5841634E-17
   261.0000      5.0513733E-17  8.4754203E-17
   262.0000      4.9524173E-17  8.3690104E-17
   263.0000      4.8558662E-17  8.2639545E-17
   264.0000      4.7613780E-17  8.1609196E-17
   265.0000      4.6691752E-17  8.0591863E-17
   266.0000      4.5789284E-17  7.9589730E-17
   267.0000      4.4908555E-17  7.8606385E-17
   268.0000      4.4048982E-17  7.7641197E-17
   269.0000      4.3207442E-17  7.6690012E-17
   270.0000      4.2383497E-17  7.5754835E-17
   271.0000      4.1579229E-17  7.4834448E-17
   272.0000      4.0794119E-17  7.3927633E-17
   273.0000      4.0022823E-17  7.3034900E-17
   274.0000      3.9272226E-17  7.2159981E-17
   275.0000      3.8537041E-17  7.1297807E-17
   276.0000      3.7816908E-17  7.0448167E-17
   277.0000      3.7113764E-17  6.9614250E-17
   278.0000      3.6427168E-17  6.8792264E-17
   279.0000      3.5752252E-17  6.7984975E-17
   280.0000      3.5095358E-17  6.7188652E-17
   281.0000      3.4449515E-17  6.6405021E-17
   282.0000      3.3820891E-17  6.5632963E-17
   283.0000      3.3202722E-17  6.4873717E-17
   284.0000      3.2598946E-17  6.4125695E-17
   285.0000      3.2009200E-17  6.3387585E-17
   286.0000      3.1431113E-17  6.2662564E-17
   287.0000      3.0864425E-17  6.1948780E-17
   288.0000      3.0310836E-17  6.1245227E-17
   289.0000      2.9768090E-17  6.0551050E-17
   290.0000      2.9237847E-17  5.9869275E-17
   291.0000      2.8717914E-17  5.9195427E-17
   292.0000      2.8209919E-17  5.8531406E-17
   293.0000      2.7709910E-17  5.7879978E-17
   294.0000      2.7223149E-17  5.7235373E-17
   295.0000      2.6743950E-17  5.6599794E-17
   296.0000      2.6275688E-17  5.5973631E-17
   297.0000      2.5818090E-17  5.5355780E-17
   298.0000      2.5369188E-17  5.4745275E-17
   299.0000      2.4928793E-17  5.4146194E-17
   300.0000      2.4496726E-17  5.3555809E-17
   301.0000      2.4074443E-17  5.2971568E-17
   302.0000      2.3660089E-17  5.2394454E-17
   303.0000      2.3255093E-17  5.1826505E-17
   304.0000      2.2857649E-17  5.1270769E-17
   305.0000      2.2467599E-17  5.0721210E-17
   306.0000      2.2086320E-17  5.0179959E-17
   307.0000      2.1712087E-17  4.9647480E-17
   308.0000      2.1344752E-17  4.9120734E-17
   309.0000      2.0985645E-17  4.8601473E-17
   310.0000      2.0633112E-17  4.8087579E-17
   311.0000      2.0287018E-17  4.7580464E-17
   312.0000      1.9948648E-17  4.7083253E-17
   313.0000      1.9616416E-17  4.6591448E-17
   314.0000      1.9290196E-17  4.6105942E-17
   315.0000      1.8971232E-17  4.5626323E-17
   316.0000      1.8658000E-17  4.5153374E-17
   317.0000      1.8350385E-17  4.4688621E-17
   318.0000      1.8049587E-17  4.4227812E-17
   319.0000      1.7754148E-17  4.3773217E-17
   320.0000      1.7463958E-17  4.3323426E-17
   321.0000      1.7180179E-17  4.2879825E-17
   322.0000      1.6901408E-17  4.2441794E-17
   323.0000      1.6627546E-17  4.2011378E-17
   324.0000      1.6358496E-17  4.1585585E-17
   325.0000      1.6095366E-17  4.1165705E-17
   326.0000      1.5836828E-17  4.0750500E-17
   327.0000      1.5583969E-17  4.0340612E-17
   328.0000      1.5334329E-17  3.9935757E-17
   329.0000      1.5090163E-17  3.9536510E-17
   330.0000      1.4851346E-17  3.9141644E-17
   331.0000      1.4615510E-17  3.8751489E-17
   332.0000      1.4384831E-17  3.8366357E-17
   333.0000      1.4158098E-17  3.7984822E-17
   334.0000      1.3935234E-17  3.7608762E-17
   335.0000      1.3717230E-17  3.7237054E-17
   336.0000      1.3502922E-17  3.6869505E-17
   337.0000      1.3292237E-17  3.6507577E-17
   338.0000      1.3086140E-17  3.6149712E-17
   339.0000      1.2882484E-17  3.5796152E-17
   340.0000      1.2683256E-17  3.5446297E-17
   341.0000      1.2488356E-17  3.5101221E-17
   342.0000      1.2295717E-17  3.4760406E-17
   343.0000      1.2107257E-17  3.4422747E-17
   344.0000      1.1921923E-17  3.4090254E-17
   345.0000      1.1739652E-17  3.3761360E-17
   346.0000      1.1561329E-17  3.3437479E-17
   347.0000      1.1385008E-17  3.3115954E-17
   348.0000      1.1212501E-17  3.2799455E-17
   349.0000      1.1043724E-17  3.2485924E-17
   350.0000      1.0876799E-17  3.2175116E-17
   351.0000      1.0713480E-17  3.1869006E-17
   352.0000      1.0552808E-17  3.1566221E-17
   353.0000      1.0394737E-17  3.1268473E-17
   354.0000      1.0239218E-17  3.0973788E-17
   355.0000      1.0087052E-17  3.0681909E-17
   356.0000      9.9373268E-18  3.0392846E-17
   357.0000      9.7899994E-18  3.0107571E-17
   358.0000      9.6450244E-18  2.9826038E-17
   359.0000      9.5023597E-18  2.9547871E-17
   360.0000      9.3627655E-18  2.9272883E-17
   361.0000      9.2253824E-18  2.9001088E-17
   362.0000      9.0901698E-18  2.8732883E-17
   363.0000      8.9578639E-18  2.8467619E-17
   364.0000      8.8268691E-18  2.8205688E-17
   365.0000      8.6986892E-18  2.7945963E-17
   366.0000      8.5725127E-18  2.7689525E-17
   367.0000      8.4483058E-18  2.7436737E-17
   368.0000      8.3267657E-18  2.7186267E-17
   369.0000      8.2063836E-18  2.6938028E-17
   370.0000      8.0885856E-18  2.6692850E-17
   371.0000      7.9726058E-18  2.6450377E-17
   372.0000      7.8591158E-18  2.6210444E-17
   373.0000      7.7466705E-18  2.5973691E-17
   374.0000      7.6366381E-18  2.5738923E-17
   375.0000      7.5282857E-18  2.5507573E-17
   376.0000      7.4215861E-18  2.5277898E-17
   377.0000      7.3165085E-18  2.5050665E-17
   378.0000      7.2130257E-18  2.4826466E-17
   379.0000      7.1117631E-18  2.4604469E-17
   380.0000      7.0120274E-18  2.4384648E-17
   381.0000      6.9137935E-18  2.4167757E-17
   382.0000      6.8170345E-18  2.3953829E-17
   383.0000      6.7223521E-18  2.3741460E-17
   384.0000      6.6284634E-18  2.3531570E-17
   385.0000      6.5365888E-18  2.3323757E-17
   386.0000      6.4460804E-18  2.3118464E-17
   387.0000      6.3569144E-18  2.2915805E-17
   388.0000      6.2696626E-18  2.2714775E-17
   389.0000      6.1831089E-18  2.2516498E-17
   390.0000      6.0984135E-18  2.2320582E-17
   391.0000      6.0149613E-18  2.2126699E-17
   392.0000      5.9327321E-18  2.1935260E-17
   393.0000      5.8517052E-18  2.1745716E-17
   394.0000      5.7718612E-18  2.1558403E-17
   395.0000      5.6937331E-18  2.1373043E-17
   396.0000      5.6167379E-18  2.1189864E-17
   397.0000      5.5408573E-18  2.1009445E-17
   398.0000      5.4660728E-18  2.0831169E-17
   399.0000      5.3923664E-18  2.0654387E-17
   400.0000      5.3197205E-18  2.0479867E-17
   401.0000      5.2486388E-18  2.0307243E-17
   402.0000      5.1785733E-18  2.0136160E-17
   403.0000      5.1095075E-18  1.9967319E-17
   404.0000      5.0413246E-18  1.9800366E-17
   405.0000      4.9743615E-18  1.9635357E-17
   406.0000      4.9083971E-18  1.9471562E-17
   407.0000      4.8434647E-18  1.9310214E-17
   408.0000      4.7794967E-18  1.9149600E-17
   409.0000      4.7165260E-18  1.8991688E-17
   410.0000      4.6544874E-18  1.8835228E-17
   411.0000      4.5934129E-18  1.8680751E-17
   412.0000      4.5332860E-18  1.8527792E-17
   413.0000      4.4740442E-18  1.8375930E-17
   414.0000      4.4156729E-18  1.8226467E-17
   415.0000      4.3582037E-18  1.8078274E-17
   416.0000      4.3016204E-18  1.7931289E-17
   417.0000      4.2458639E-18  1.7785520E-17
   418.0000      4.1909652E-18  1.7641144E-17
   419.0000      4.1368655E-18  1.7498167E-17
   420.0000      4.0835955E-18  1.7357015E-17
   421.0000      4.0310980E-18  1.7216914E-17
   422.0000      3.9793608E-18  1.7078651E-17
   423.0000      3.9284139E-18  1.6941820E-17
   424.0000      3.8782433E-18  1.6806846E-17
   425.0000      3.8287957E-18  1.6672727E-17
   426.0000      3.7800586E-18  1.6539533E-17
   427.0000      3.7320619E-18  1.6408588E-17
   428.0000      3.6847530E-18  1.6278871E-17
   429.0000      3.6381600E-18  1.6150559E-17
   430.0000      3.5922324E-18  1.6023792E-17
   431.0000      3.5469596E-18  1.5897892E-17
   432.0000      3.5023692E-18  1.5773924E-17
   433.0000      3.4584124E-18  1.5650406E-17
   434.0000      3.4150789E-18  1.5529001E-17
   435.0000      3.3723963E-18  1.5408765E-17
   436.0000      3.3303541E-18  1.5289160E-17
   437.0000      3.2888678E-18  1.5171167E-17
   438.0000      3.2480026E-18  1.5054353E-17
   439.0000      3.2077121E-18  1.4938685E-17
   440.0000      3.1680228E-18  1.4824618E-17
   441.0000      3.1288897E-18  1.4711697E-17
   442.0000      3.0903040E-18  1.4599959E-17
   443.0000      3.0522574E-18  1.4489207E-17
   444.0000      3.0147758E-18  1.4379733E-17
   445.0000      2.9778159E-18  1.4271162E-17
   446.0000      2.9413699E-18  1.4163311E-17
   447.0000      2.9054295E-18  1.4056598E-17
   448.0000      2.8700204E-18  1.3951501E-17
   449.0000      2.8351012E-18  1.3847402E-17
   450.0000      2.8006642E-18  1.3744193E-17
   451.0000      2.7667345E-18  1.3642312E-17
   452.0000      2.7332397E-18  1.3541272E-17
   453.0000      2.7002370E-18  1.3441678E-17
   454.0000      2.6676875E-18  1.3342740E-17
   455.0000      2.6355838E-18  1.3244995E-17
   456.0000      2.6039505E-18  1.3148174E-17
   457.0000      2.5727182E-18  1.3052145E-17
   458.0000      2.5419428E-18  1.2957721E-17
   459.0000      2.5115863E-18  1.2863854E-17
   460.0000      2.4816727E-18  1.2771225E-17
   461.0000      2.4521352E-18  1.2679373E-17
   462.0000      2.4229981E-18  1.2588585E-17
   463.0000      2.3942848E-18  1.2499143E-17
   464.0000      2.3659595E-18  1.2410372E-17
   465.0000      2.3380165E-18  1.2322349E-17
   466.0000      2.3104499E-18  1.2235078E-17
   467.0000      2.2832542E-18  1.2148644E-17
   468.0000      2.2564521E-18  1.2063480E-17
   469.0000      2.2299817E-18  1.1978970E-17
   470.0000      2.2038935E-18  1.1895957E-17
   471.0000      2.1781541E-18  1.1813263E-17
   472.0000      2.1527584E-18  1.1731464E-17
   473.0000      2.1277017E-18  1.1650568E-17
   474.0000      2.1029785E-18  1.1570650E-17
   475.0000      2.0786108E-18  1.1491670E-17
   476.0000      2.0545402E-18  1.1413306E-17
   477.0000      2.0308148E-18  1.1335853E-17
   478.0000      2.0073781E-18  1.1259488E-17
   479.0000      1.9842768E-18  1.1183507E-17
   480.0000      1.9614806E-18  1.1108476E-17
   481.0000      1.9389848E-18  1.1034003E-17
   482.0000      1.9167855E-18  1.0960515E-17
   483.0000      1.8948781E-18  1.0887745E-17
   484.0000      1.8732582E-18  1.0815750E-17
   485.0000      1.8519221E-18  1.0744280E-17
   486.0000      1.8308654E-18  1.0673946E-17
   487.0000      1.8101082E-18  1.0603874E-17
   488.0000      1.7895982E-18  1.0534624E-17
   489.0000      1.7693557E-18  1.0466211E-17
   490.0000      1.7494006E-18  1.0398310E-17
   491.0000      1.7296816E-18  1.0331453E-17
   492.0000      1.7102419E-18  1.0264964E-17
   493.0000      1.6910318E-18  1.0199382E-17
   494.0000      1.6720931E-18  1.0134221E-17
   495.0000      1.6533772E-18  1.0070293E-17
   496.0000      1.6349255E-18  1.0006690E-17
   497.0000      1.6167119E-18  9.9440684E-18
   498.0000      1.5987112E-18  9.8820563E-18
   499.0000      1.5809640E-18  9.8204801E-18
   500.0000      1.5634451E-18  9.7596584E-18
   501.0000      1.5461298E-18  9.6993420E-18
   502.0000      1.5290578E-18  9.6396477E-18
   503.0000      1.5121836E-18  9.5807210E-18
   504.0000      1.4955461E-18  9.5221492E-18
   505.0000      1.4791212E-18  9.4642689E-18
   506.0000      1.4628855E-18  9.4070520E-18
   507.0000      1.4468770E-18  9.3503380E-18
   508.0000      1.4310522E-18  9.2944139E-18
   509.0000      1.4154287E-18  9.2391318E-18
   510.0000      1.4000236E-18  9.1844577E-18
   511.0000      1.3847941E-18  9.1303675E-18
   512.0000      1.3697576E-18  9.0770193E-18
   513.0000      1.3549115E-18  9.0239648E-18
   514.0000      1.3402531E-18  8.9716472E-18
   515.0000      1.3257798E-18  8.9199733E-18
   516.0000      1.3114891E-18  8.8688386E-18
   517.0000      1.2973783E-18  8.8181391E-18
   518.0000      1.2834452E-18  8.7681650E-18
   519.0000      1.2696871E-18  8.7184481E-18
   520.0000      1.2560834E-18  8.6696411E-18
   521.0000      1.2426686E-18  8.6209971E-18
   522.0000      1.2294036E-18  8.5729884E-18
   523.0000      1.2163047E-18  8.5253601E-18
   524.0000      1.2033694E-18  8.4785111E-18
   525.0000      1.1905958E-18  8.4318846E-18
   526.0000      1.1779814E-18  8.3858421E-18
   527.0000      1.1655242E-18  8.3399708E-18
   528.0000      1.1532219E-18  8.2947529E-18
   529.0000      1.1410554E-18  8.2499396E-18
   530.0000      1.1290400E-18  8.2056631E-18
   531.0000      1.1171907E-18  8.1617357E-18
   532.0000      1.1054713E-18  8.1186189E-18
   533.0000      1.0938968E-18  8.0758429E-18
   534.0000      1.0824491E-18  8.0333564E-18
   535.0000      1.0711592E-18  7.9913538E-18
   536.0000      1.0599923E-18  7.9499708E-18
   537.0000      1.0489629E-18  7.9088757E-18
   538.0000      1.0380696E-18  7.8682065E-18
   539.0000      1.0273101E-18  7.8278996E-18
   540.0000      1.0166829E-18  7.7880171E-18
   541.0000      1.0061705E-18  7.7487178E-18
   542.0000      9.9578701E-19  7.7096525E-18
   543.0000      9.8553069E-19  7.6710389E-18
   544.0000      9.7540000E-19  7.6327959E-18
   545.0000      9.6537788E-19  7.5951211E-18
   546.0000      9.5549349E-19  7.5575770E-18
   547.0000      9.4571456E-19  7.5205963E-18
   548.0000      9.3605495E-19  7.4839199E-18
   549.0000      9.2649812E-19  7.4477076E-18
   550.0000      9.1707240E-19  7.4119155E-18
   551.0000      9.0774666E-19  7.3765461E-18
   552.0000      8.9853425E-19  7.3413611E-18
   553.0000      8.8941923E-19  7.3064235E-18
   554.0000      8.8042902E-19  7.2721732E-18
   555.0000      8.7153352E-19  7.2380537E-18
   556.0000      8.6274571E-19  7.2043850E-18
   557.0000      8.5405023E-19  7.1709371E-18
   558.0000      8.4547366E-19  7.1379094E-18
   559.0000      8.3698684E-19  7.1051423E-18
   560.0000      8.2860238E-19  7.0727565E-18
   561.0000      8.2030535E-19  7.0406016E-18
   562.0000      8.1210830E-19  7.0089181E-18
   563.0000      8.0400978E-19  6.9771965E-18
   564.0000      7.9600862E-19  6.9460358E-18
   565.0000      7.8809038E-19  6.9150136E-18
   566.0000      7.8026712E-19  6.8843790E-18
   567.0000      7.7253768E-19  6.8539019E-18
   568.0000      7.6490079E-19  6.8238844E-18
   569.0000      7.5734253E-19  6.7942217E-18
   570.0000      7.4987459E-19  6.7647687E-18
   571.0000      7.4249593E-19  6.7355175E-18
   572.0000      7.3519275E-19  6.7064239E-18
   573.0000      7.2797674E-19  6.6775516E-18
   574.0000      7.2084675E-19  6.6491499E-18
   575.0000      7.1378940E-19  6.6210394E-18
   576.0000      7.0681601E-19  6.5930340E-18
   577.0000      6.9992560E-19  6.5654963E-18
   578.0000      6.9310498E-19  6.5382907E-18
   579.0000      6.8637731E-19  6.5111100E-18
   580.0000      6.7970573E-19  6.4842366E-18
   581.0000      6.7312505E-19  6.4575008E-18
   582.0000      6.6661059E-19  6.4310323E-18
   583.0000      6.6017326E-19  6.4048285E-18
   584.0000      6.5380051E-19  6.3789997E-18
   585.0000      6.4751461E-19  6.3534502E-18
   586.0000      6.4128009E-19  6.3280231E-18
   587.0000      6.3513052E-19  6.3028553E-18
   588.0000      6.2904227E-19  6.2778682E-18
   589.0000      6.2302577E-19  6.2533262E-18
   590.0000      6.1706898E-19  6.2288048E-18
   591.0000      6.1118240E-19  6.2045374E-18
   592.0000      6.0536500E-19  6.1803519E-18
   593.0000      5.9961599E-19  6.1565039E-18
   594.0000      5.9392374E-19  6.1326951E-18
   595.0000      5.8828754E-19  6.1091068E-18
   596.0000      5.8272811E-19  6.0857560E-18
   597.0000      5.7721268E-19  6.0627487E-18
   598.0000      5.7177242E-19  6.0397755E-18
   599.0000      5.6638540E-19  6.0170342E-18
   600.0000      5.6106141E-19  5.9944791E-18
   601.0000      5.5579966E-19  5.9722113E-18
   602.0000      5.5058915E-19  5.9500661E-18
   603.0000      5.4542930E-19  5.9282252E-18
   604.0000      5.4033981E-19  5.9062929E-18
   605.0000      5.3529965E-19  5.8846845E-18
   606.0000      5.3030823E-19  5.8633072E-18
   607.0000      5.2537498E-19  5.8420404E-18
   608.0000      5.2049916E-19  5.8210457E-18
   609.0000      5.1567029E-19  5.7999555E-18
   610.0000      5.1089761E-19  5.7792810E-18
   611.0000      5.0618035E-19  5.7586908E-18
   612.0000      5.0150834E-19  5.7381904E-18
   613.0000      4.9688104E-19  5.7178831E-18
   614.0000      4.9231686E-19  5.6977929E-18
   615.0000      4.8778686E-19  5.6778438E-18
   616.0000      4.8331863E-19  5.6580419E-18
   617.0000      4.7889296E-19  5.6384353E-18
   618.0000      4.7450926E-19  5.6188270E-18
   619.0000      4.7017628E-19  5.5994387E-18
   620.0000      4.6589345E-19  5.5800119E-18
   621.0000      4.6165105E-19  5.5607266E-18
   622.0000      4.5745766E-19  5.5416370E-18
   623.0000      4.5330376E-19  5.5226205E-18
   624.0000      4.4919785E-19  5.5038555E-18
   625.0000      4.4513050E-19  5.4853424E-18
   626.0000      4.4110998E-19  5.4668540E-18
   627.0000      4.3713585E-19  5.4485469E-18
   628.0000      4.3319886E-19  5.4302823E-18
   629.0000      4.2929857E-19  5.4121621E-18
   630.0000      4.2544318E-19  5.3942512E-18
   631.0000      4.2163218E-19  5.3764424E-18
   632.0000      4.1785654E-19  5.3587635E-18
   633.0000      4.1412430E-19  5.3411768E-18
   634.0000      4.1042660E-19  5.3237601E-18
   635.0000      4.0676309E-19  5.3064550E-18
   636.0000      4.0314167E-19  5.2891111E-18
   637.0000      3.9956176E-19  5.2719786E-18
   638.0000      3.9601484E-19  5.2548960E-18
   639.0000      3.9250855E-19  5.2379773E-18
   640.0000      3.8903442E-19  5.2211768E-18
   641.0000      3.8559213E-19  5.2043789E-18
   642.0000      3.8219717E-19  5.1876620E-18
   643.0000      3.7882535E-19  5.1710977E-18
   644.0000      3.7549210E-19  5.1546637E-18
   645.0000      3.7219697E-19  5.1382152E-18
   646.0000      3.6893181E-19  5.1218569E-18
   647.0000      3.6569629E-19  5.1056172E-18
   648.0000      3.6249774E-19  5.0894368E-18
   649.0000      3.5932811E-19  5.0732708E-18
   650.0000      3.5619473E-19  5.0572466E-18
   651.0000      3.5308959E-19  5.0412903E-18
   652.0000      3.5001987E-19  5.0253786E-18
   653.0000      3.4697779E-19  5.0096341E-18
   654.0000      3.4397039E-19  4.9939822E-18
   655.0000      3.4098998E-19  4.9784399E-18
   656.0000      3.3803625E-19  4.9630456E-18
   657.0000      3.3511620E-19  4.9477192E-18
   658.0000      3.3222939E-19  4.9324155E-18
   659.0000      3.2936833E-19  4.9171938E-18
   660.0000      3.2653273E-19  4.9019881E-18
   661.0000      3.2372941E-19  4.8868730E-18
   662.0000      3.2095096E-19  4.8718816E-18
   663.0000      3.1820413E-19  4.8569461E-18
   664.0000      3.1548162E-19  4.8419695E-18
   665.0000      3.1279003E-19  4.8269996E-18
   666.0000      3.1012221E-19  4.8121675E-18
   667.0000      3.0748470E-19  4.7974652E-18
   668.0000      3.0487039E-19  4.7828075E-18
   669.0000      3.0227907E-19  4.7682247E-18
   670.0000      2.9971716E-19  4.7536006E-18
   671.0000      2.9718431E-19  4.7391655E-18
   672.0000      2.9467363E-19  4.7246443E-18
   673.0000      2.9218488E-19  4.7102878E-18
   674.0000      2.8972435E-19  4.6959821E-18
   675.0000      2.8728526E-19  4.6816648E-18
   676.0000      2.8487382E-19  4.6674286E-18
   677.0000      2.8248332E-19  4.6532330E-18
   678.0000      2.8011991E-19  4.6389252E-18
   679.0000      2.7777694E-19  4.6248379E-18
   680.0000      2.7546055E-19  4.6107597E-18
   681.0000      2.7316412E-19  4.5967055E-18
   682.0000      2.7088751E-19  4.5827502E-18
   683.0000      2.6863665E-19  4.5689069E-18
   684.0000      2.6641130E-19  4.5550454E-18
   685.0000      2.6420503E-19  4.5411471E-18
   686.0000      2.6202373E-19  4.5273688E-18
   687.0000      2.5986109E-19  4.5136148E-18
   688.0000      2.5771691E-19  4.4999622E-18
   689.0000      2.5559700E-19  4.4863117E-18
   690.0000      2.5349513E-19  4.4725664E-18
   691.0000      2.5141705E-19  4.4590044E-18
   692.0000      2.4936246E-19  4.4454816E-18
   693.0000      2.4731946E-19  4.4319146E-18
   694.0000      2.4530535E-19  4.4184080E-18
   695.0000      2.4330246E-19  4.4050015E-18
   696.0000      2.4132798E-19  4.3917029E-18
   697.0000      2.3937012E-19  4.3783571E-18
   698.0000      2.3742873E-19  4.3650553E-18
   699.0000      2.3550365E-19  4.3516864E-18
   700.0000      2.3360591E-19  4.3383989E-18
   701.0000      2.3171849E-19  4.3252344E-18
   702.0000      2.2985793E-19  4.3119867E-18
   703.0000      2.2800740E-19  4.2987005E-18
   704.0000      2.2617778E-19  4.2854371E-18
   705.0000      2.2436881E-19  4.2723047E-18
   706.0000      2.2257489E-19  4.2591497E-18
   707.0000      2.2079586E-19  4.2460608E-18
   708.0000      2.1903691E-19  4.2330546E-18
   709.0000      2.1729251E-19  4.2199285E-18
   710.0000      2.1556784E-19  4.2069091E-18
   711.0000      2.1385739E-19  4.1938983E-18
   712.0000      2.1216626E-19  4.1809741E-18
   713.0000      2.1048902E-19  4.1680572E-18
   714.0000      2.0882556E-19  4.1551193E-18
   715.0000      2.0718089E-19  4.1421499E-18
   716.0000      2.0554969E-19  4.1293381E-18
   717.0000      2.0393692E-19  4.1166331E-18
   718.0000      2.0233731E-19  4.1038449E-18
   719.0000      2.0075075E-19  4.0910517E-18
   720.0000      1.9918211E-19  4.0783640E-18
   721.0000      1.9762622E-19  4.0656113E-18
   722.0000      1.9608294E-19  4.0530142E-18
   723.0000      1.9455713E-19  4.0403327E-18
   724.0000      1.9304366E-19  4.0277103E-18
   725.0000      1.9154242E-19  4.0150247E-18
   726.0000      1.9005816E-19  4.0023593E-18
   727.0000      1.8858586E-19  3.9898312E-18
   728.0000      1.8712541E-19  3.9773313E-18
   729.0000      1.8568147E-19  3.9647371E-18
   730.0000      1.8424912E-19  3.9523426E-18
   731.0000      1.8282827E-19  3.9399613E-18
   732.0000      1.8141878E-19  3.9276215E-18
   733.0000      1.8002524E-19  3.9152423E-18
   734.0000      1.7864282E-19  3.9028706E-18
   735.0000      1.7727145E-19  3.8905117E-18
   736.0000      1.7591557E-19  3.8783418E-18
   737.0000      1.7457048E-19  3.8661975E-18
   738.0000      1.7323609E-19  3.8539883E-18
   739.0000      1.7191227E-19  3.8418118E-18
   740.0000      1.7060346E-19  3.8296494E-18
   741.0000      1.6930052E-19  3.8175097E-18
   742.0000      1.6801234E-19  3.8054634E-18
   743.0000      1.6673874E-19  3.7933241E-18
   744.0000      1.6547079E-19  3.7812618E-18
   745.0000      1.6421719E-19  3.7691903E-18
   746.0000      1.6296911E-19  3.7570208E-18
   747.0000      1.6173517E-19  3.7450966E-18
   748.0000      1.6051521E-19  3.7331753E-18
   749.0000      1.5930054E-19  3.7213578E-18
   750.0000      1.5809537E-19  3.7094906E-18
   751.0000      1.5690387E-19  3.6977215E-18
   752.0000      1.5572167E-19  3.6858895E-18
   753.0000      1.5454869E-19  3.6741919E-18
   754.0000      1.5338486E-19  3.6624737E-18
   755.0000      1.5223009E-19  3.6507488E-18
   756.0000      1.5108843E-19  3.6391062E-18
   757.0000      1.4995563E-19  3.6274666E-18
   758.0000      1.4882754E-19  3.6158124E-18
   759.0000      1.4771224E-19  3.6041963E-18
   760.0000      1.4660962E-19  3.5926022E-18
   761.0000      1.4551150E-19  3.5809935E-18
   762.0000      1.4442586E-19  3.5694155E-18
   763.0000      1.4334461E-19  3.5579028E-18
   764.0000      1.4227566E-19  3.5464111E-18
   765.0000      1.4121886E-19  3.5349518E-18
   766.0000      1.4016626E-19  3.5236786E-18
   767.0000      1.3912175E-19  3.5123156E-18
   768.0000      1.3808912E-19  3.5010907E-18
   769.0000      1.3706440E-19  3.4899238E-18
   770.0000      1.3604751E-19  3.4787035E-18
   771.0000      1.3503839E-19  3.4675376E-18
   772.0000      1.3404077E-19  3.4564155E-18
   773.0000      1.3305075E-19  3.4453421E-18
   774.0000      1.3206825E-19  3.4343538E-18
   775.0000      1.3109324E-19  3.4234187E-18
   776.0000      1.3012563E-19  3.4124379E-18
   777.0000      1.2916906E-19  3.4015402E-18
   778.0000      1.2821973E-19  3.3906100E-18
   779.0000      1.2727758E-19  3.3797957E-18
   780.0000      1.2634256E-19  3.3690382E-18
   781.0000      1.2541459E-19  3.3581984E-18
   782.0000      1.2449724E-19  3.3475367E-18
   783.0000      1.2358678E-19  3.3368749E-18
   784.0000      1.2268318E-19  3.3262018E-18
   785.0000      1.2178636E-19  3.3156724E-18
   786.0000      1.2089980E-19  3.3052115E-18
   787.0000      1.2001989E-19  3.2947911E-18
   788.0000      1.1914655E-19  3.2844147E-18
   789.0000      1.1827976E-19  3.2741258E-18
   790.0000      1.1741943E-19  3.2639484E-18
   791.0000      1.1656897E-19  3.2537884E-18
   792.0000      1.1572483E-19  3.2436508E-18
   793.0000      1.1488699E-19  3.2335547E-18
   794.0000      1.1405875E-19  3.2234749E-18
   795.0000      1.1323666E-19  3.2134720E-18
   796.0000      1.1242066E-19  3.2035216E-18
   797.0000      1.1161069E-19  3.1936492E-18
   798.0000      1.1080672E-19  3.1837938E-18
   799.0000      1.1001201E-19  3.1739813E-18
   800.0000      1.0922314E-19  3.1642996E-18
   801.0000      1.0844010E-19  3.1545792E-18
   802.0000      1.0766605E-19  3.1450921E-18
   803.0000      1.0689770E-19  3.1355638E-18
   804.0000      1.0613499E-19  3.1261957E-18
   805.0000      1.0537787E-19  3.1168529E-18
   806.0000      1.0462629E-19  3.1075834E-18
   807.0000      1.0388338E-19  3.0983969E-18
   808.0000      1.0314590E-19  3.0891891E-18
   809.0000      1.0241379E-19  3.0799987E-18
   810.0000      1.0169015E-19  3.0709182E-18
   811.0000      1.0097178E-19  3.0619013E-18
   812.0000      1.0025861E-19  3.0529805E-18
   813.0000      9.9550631E-20  3.0440398E-18
   814.0000      9.8847779E-20  3.0352071E-18
   815.0000      9.8153071E-20  3.0264665E-18
   816.0000      9.7463383E-20  3.0176730E-18
   817.0000      9.6778671E-20  3.0089845E-18
   818.0000      9.6101915E-20  3.0003758E-18
   819.0000      9.5427032E-20  2.9917874E-18
   820.0000      9.4759989E-20  2.9832341E-18
   821.0000      9.4097740E-20  2.9746908E-18
   822.0000      9.3440248E-20  2.9662157E-18
   823.0000      9.2790400E-20  2.9577175E-18
   824.0000      9.2145206E-20  2.9493212E-18
   825.0000      9.1501718E-20  2.9409263E-18
   826.0000      9.0868614E-20  2.9327126E-18
   827.0000      9.0237152E-20  2.9245361E-18
   828.0000      8.9613051E-20  2.9164043E-18
   829.0000      8.8990540E-20  2.9083991E-18
   830.0000      8.8375305E-20  2.9005078E-18
   831.0000      8.7767249E-20  2.8926564E-18
   832.0000      8.7160700E-20  2.8848484E-18
   833.0000      8.6561246E-20  2.8771573E-18
   834.0000      8.5963246E-20  2.8694637E-18
   835.0000      8.5372251E-20  2.8618981E-18
   836.0000      8.4788184E-20  2.8544022E-18
   837.0000      8.4205487E-20  2.8469625E-18
   838.0000      8.3629627E-20  2.8395555E-18
   839.0000      8.3055105E-20  2.8321947E-18
   840.0000      8.2487323E-20  2.8249132E-18
   841.0000      8.1926217E-20  2.8176282E-18
   842.0000      8.1366364E-20  2.8103910E-18
   843.0000      8.0810434E-20  2.8032307E-18
   844.0000      8.0261044E-20  2.7961333E-18
   845.0000      7.9715499E-20  2.7890562E-18
   846.0000      7.9173754E-20  2.7821047E-18
   847.0000      7.8635796E-20  2.7751345E-18
   848.0000      7.8104177E-20  2.7683173E-18
   849.0000      7.7573670E-20  2.7615241E-18
   850.0000      7.7049431E-20  2.7547422E-18
   851.0000      7.6528824E-20  2.7480268E-18
   852.0000      7.6011830E-20  2.7414089E-18
   853.0000      7.5498416E-20  2.7347551E-18
   854.0000      7.4991089E-20  2.7282284E-18
   855.0000      7.4487259E-20  2.7217478E-18
   856.0000      7.3984398E-20  2.7152603E-18
   857.0000      7.3487508E-20  2.7088871E-18
   858.0000      7.2994036E-20  2.7025422E-18
   859.0000      7.2506426E-20  2.6963373E-18
   860.0000      7.2019714E-20  2.6901320E-18
   861.0000      7.1538786E-20  2.6840038E-18
   862.0000      7.1061154E-20  2.6779218E-18
   863.0000      7.0586792E-20  2.6718620E-18
   864.0000      7.0115680E-20  2.6658238E-18
   865.0000      6.9647780E-20  2.6599850E-18
   866.0000      6.9183079E-20  2.6539488E-18
   867.0000      6.8723936E-20  2.6480866E-18
   868.0000      6.8267914E-20  2.6423482E-18
   869.0000      6.7814994E-20  2.6365906E-18
   870.0000      6.7365150E-20  2.6308868E-18
   871.0000      6.6918362E-20  2.6252194E-18
   872.0000      6.6474599E-20  2.6195298E-18
   873.0000      6.6036168E-20  2.6139015E-18
   874.0000      6.5600702E-20  2.6083486E-18
   875.0000      6.5168177E-20  2.6027960E-18
   876.0000      6.4738567E-20  2.5972754E-18
   877.0000      6.4311858E-20  2.5917864E-18
   878.0000      6.3888025E-20  2.5863123E-18
   879.0000      6.3469303E-20  2.5809311E-18
   880.0000      6.3053393E-20  2.5754165E-18
   881.0000      6.2638039E-20  2.5700218E-18
   882.0000      6.2227699E-20  2.5645912E-18
   883.0000      6.1822322E-20  2.5592182E-18
   884.0000      6.1417450E-20  2.5538455E-18
   885.0000      6.1015285E-20  2.5485950E-18
   886.0000      6.0617992E-20  2.5433271E-18
   887.0000      6.0223350E-20  2.5380616E-18
   888.0000      5.9831337E-20  2.5327950E-18
   889.0000      5.9441936E-20  2.5275821E-18
   890.0000      5.9055119E-20  2.5223605E-18
   891.0000      5.8673013E-20  2.5171623E-18
   892.0000      5.8291308E-20  2.5120117E-18
   893.0000      5.7914256E-20  2.5068875E-18
   894.0000      5.7539704E-20  2.5017255E-18
   895.0000      5.7167622E-20  2.4965529E-18
   896.0000      5.6798001E-20  2.4914084E-18
   897.0000      5.6430817E-20  2.4862983E-18
   898.0000      5.6068131E-20  2.4812418E-18
   899.0000      5.5705761E-20  2.4761335E-18
   900.0000      5.5347837E-20  2.4710832E-18
   901.0000      5.4992266E-20  2.4660252E-18
   902.0000      5.4639021E-20  2.4609235E-18
   903.0000      5.4288096E-20  2.4558641E-18
   904.0000      5.3941488E-20  2.4507771E-18
   905.0000      5.3595139E-20  2.4456321E-18
   906.0000      5.3253051E-20  2.4405964E-18
   907.0000      5.2913196E-20  2.4354850E-18
   908.0000      5.2575558E-20  2.4304219E-18
   909.0000      5.2240120E-20  2.4253680E-18
   910.0000      5.1906866E-20  2.4203152E-18
   911.0000      5.1575777E-20  2.4152245E-18
   912.0000      5.1248789E-20  2.4101359E-18
   913.0000      5.0921982E-20  2.4050531E-18
   914.0000      5.0599226E-20  2.3999537E-18
   915.0000      5.0278558E-20  2.3948481E-18
   916.0000      4.9959964E-20  2.3897490E-18
   917.0000      4.9643429E-20  2.3845611E-18
   918.0000      4.9330832E-20  2.3794254E-18
   919.0000      4.9018364E-20  2.3742429E-18
   920.0000      4.8709787E-20  2.3690533E-18
   921.0000      4.8403194E-20  2.3638802E-18
   922.0000      4.8098572E-20  2.3586369E-18
   923.0000      4.7795905E-20  2.3534060E-18
   924.0000      4.7495179E-20  2.3480920E-18
   925.0000      4.7196383E-20  2.3428501E-18
   926.0000      4.6901328E-20  2.3375609E-18
   927.0000      4.6606338E-20  2.3322684E-18
   928.0000      4.6315048E-20  2.3270028E-18
   929.0000      4.6025615E-20  2.3217543E-18
   930.0000      4.5738028E-20  2.3164227E-18
   931.0000      4.5452272E-20  2.3110785E-18
   932.0000      4.5170120E-20  2.3057025E-18
   933.0000      4.4887977E-20  2.3002557E-18
   934.0000      4.4607631E-20  2.2947791E-18
   935.0000      4.4330826E-20  2.2892459E-18
   936.0000      4.4055772E-20  2.2837417E-18
   937.0000      4.3782457E-20  2.2781464E-18
   938.0000      4.3510870E-20  2.2725795E-18
   939.0000      4.3240999E-20  2.2669850E-18
   940.0000      4.2972831E-20  2.2613182E-18
   941.0000      4.2708072E-20  2.2556789E-18
   942.0000      4.2443271E-20  2.2500653E-18
   943.0000      4.2181836E-20  2.2444243E-18
   944.0000      4.1922043E-20  2.2387999E-18
   945.0000      4.1663882E-20  2.2331738E-18
   946.0000      4.1407337E-20  2.2274659E-18
   947.0000      4.1152400E-20  2.2217538E-18
   948.0000      4.0900727E-20  2.2160605E-18
   949.0000      4.0648967E-20  2.2102992E-18
   950.0000      4.0400432E-20  2.2044676E-18
   951.0000      4.0151799E-20  2.1986690E-18
   952.0000      3.9906359E-20  2.1928852E-18
   953.0000      3.9662448E-20  2.1870753E-18
   954.0000      3.9420051E-20  2.1812534E-18
   955.0000      3.9179161E-20  2.1754606E-18
   956.0000      3.8941379E-20  2.1695703E-18
   957.0000      3.8703464E-20  2.1637318E-18
   958.0000      3.8468622E-20  2.1577918E-18
   959.0000      3.8233645E-20  2.1518204E-18
   960.0000      3.8001705E-20  2.1457739E-18
   961.0000      3.7771196E-20  2.1397520E-18
   962.0000      3.7542109E-20  2.1336239E-18
   963.0000      3.7314437E-20  2.1275245E-18
   964.0000      3.7089722E-20  2.1213849E-18
   965.0000      3.6864839E-20  2.1152510E-18
   966.0000      3.6641338E-20  2.1090597E-18
   967.0000      3.6420749E-20  2.1028662E-18
   968.0000      3.6201514E-20  2.0965877E-18
   969.0000      3.5983620E-20  2.0902955E-18
   970.0000      3.5767064E-20  2.0839550E-18
   971.0000      3.5551825E-20  2.0774850E-18
   972.0000      3.5337909E-20  2.0710202E-18
   973.0000      3.5125294E-20  2.0645675E-18
   974.0000      3.4915475E-20  2.0580163E-18
   975.0000      3.4705439E-20  2.0514596E-18
   976.0000      3.4498168E-20  2.0449520E-18
   977.0000      3.4292158E-20  2.0383827E-18
   978.0000      3.4087399E-20  2.0318002E-18
   979.0000      3.3883880E-20  2.0251729E-18
   980.0000      3.3681596E-20  2.0185961E-18
   981.0000      3.3480536E-20  2.0119770E-18
   982.0000      3.3280694E-20  2.0053737E-18
   983.0000      3.3083505E-20  1.9986781E-18
   984.0000      3.2886068E-20  1.9919824E-18
   985.0000      3.2691251E-20  1.9853193E-18
   986.0000      3.2497610E-20  1.9786123E-18
   987.0000      3.2305132E-20  1.9718505E-18
   988.0000      3.2113811E-20  1.9650829E-18
   989.0000      3.1923643E-20  1.9583350E-18
   990.0000      3.1734613E-20  1.9515501E-18
   991.0000      3.1546720E-20  1.9447097E-18
   992.0000      3.1361344E-20  1.9378352E-18
   993.0000      3.1175691E-20  1.9309957E-18
   994.0000      3.0992529E-20  1.9240771E-18
   995.0000      3.0810458E-20  1.9171278E-18
   996.0000      3.0629474E-20  1.9102438E-18
   997.0000      3.0449572E-20  1.9032485E-18
   998.0000      3.0270736E-20  1.8961629E-18
   999.0000      3.0092970E-20  1.8891531E-18
   1000.000      2.9916260E-20  1.8874535E-18
   1001.000      2.9741938E-20  1.8802742E-18
   1002.000      2.9567316E-20  1.8784430E-18
   1003.000      2.9395062E-20  1.8713113E-18
   1004.000      2.9223823E-20  1.8642432E-18
   1005.000      2.9053601E-20  1.8571383E-18
   1006.000      2.8884381E-20  1.8500955E-18
   1007.000      2.8716163E-20  1.8430601E-18
   1008.000      2.8548937E-20  1.8360521E-18
   1009.000      2.8382696E-20  1.8290878E-18
   1010.000      2.8217435E-20  1.8221327E-18
   1011.000      2.8054435E-20  1.8151844E-18
   1012.000      2.7891109E-20  1.8082478E-18
   1013.000      2.7730022E-20  1.8013266E-18
   1014.000      2.7569878E-20  1.7944199E-18
   1015.000      2.7410675E-20  1.7875873E-18
   1016.000      2.7252399E-20  1.7807261E-18
   1017.000      2.7095052E-20  1.7739165E-18
   1018.000      2.6938625E-20  1.7671696E-18
   1019.000      2.6783111E-20  1.7604349E-18
   1020.000      2.6629749E-20  1.7536734E-18
   1021.000      2.6476038E-20  1.7469453E-18
   1022.000      2.6324459E-20  1.7402668E-18
   1023.000      2.6173760E-20  1.7335708E-18
   1024.000      2.6022713E-20  1.7269746E-18
   1025.000      2.5873762E-20  1.7203452E-18
   1026.000      2.5725676E-20  1.7137467E-18
   1027.000      2.5578449E-20  1.7071070E-18
   1028.000      2.5432072E-20  1.7005429E-18
   1029.000      2.5287743E-20  1.6939435E-18
   1030.000      2.5143053E-20  1.6873659E-18
   1031.000      2.5000387E-20  1.6808389E-18
   1032.000      2.4857359E-20  1.6743017E-18
   1033.000      2.4716336E-20  1.6677994E-18
   1034.000      2.4576126E-20  1.6613392E-18
   1035.000      2.4435547E-20  1.6548923E-18
   1036.000      2.4296947E-20  1.6485169E-18
   1037.000      2.4160306E-20  1.6421091E-18
   1038.000      2.4023288E-20  1.6357482E-18
   1039.000      2.3887055E-20  1.6293778E-18
   1040.000      2.3751603E-20  1.6230662E-18
   1041.000      2.3618071E-20  1.6168198E-18
   1042.000      2.3484160E-20  1.6106266E-18
   1043.000      2.3352152E-20  1.6044688E-18
   1044.000      2.3220895E-20  1.5983145E-18
   1045.000      2.3089257E-20  1.5921665E-18
   1046.000      2.2959495E-20  1.5860957E-18
   1047.000      2.2830471E-20  1.5800328E-18
   1048.000      2.2702180E-20  1.5739829E-18
   1049.000      2.2575728E-20  1.5679547E-18
   1050.000      2.2448885E-20  1.5619613E-18
   1051.000      2.2322761E-20  1.5560654E-18
   1052.000      2.2198452E-20  1.5501264E-18
   1053.000      2.2073749E-20  1.5442160E-18
   1054.000      2.1950842E-20  1.5383163E-18
   1055.000      2.1828629E-20  1.5324689E-18
   1056.000      2.1706022E-20  1.5266471E-18
   1057.000      2.1585186E-20  1.5208647E-18
   1058.000      2.1465030E-20  1.5151128E-18
   1059.000      2.1345549E-20  1.5094001E-18
   1060.000      2.1227807E-20  1.5037098E-18
   1061.000      2.1109662E-20  1.4980583E-18
   1062.000      2.0992180E-20  1.4924301E-18
   1063.000      2.0876412E-20  1.4868159E-18
   1064.000      2.0760240E-20  1.4812196E-18
   1065.000      2.0645766E-20  1.4756554E-18
   1066.000      2.0531930E-20  1.4701242E-18
   1067.000      2.0417692E-20  1.4646732E-18
   1068.000      2.0305126E-20  1.4592144E-18
   1069.000      2.0193188E-20  1.4537353E-18
   1070.000      2.0081872E-20  1.4483117E-18
   1071.000      1.9972200E-20  1.4429030E-18
   1072.000      1.9862117E-20  1.4375222E-18
   1073.000      1.9752645E-20  1.4321224E-18
   1074.000      1.9644793E-20  1.4267633E-18
   1075.000      1.9536529E-20  1.4214188E-18
   1076.000      1.9429872E-20  1.4161183E-18
   1077.000      1.9322802E-20  1.4108773E-18
   1078.000      1.9217322E-20  1.4056491E-18
   1079.000      1.9112425E-20  1.4004870E-18
   1080.000      1.9008106E-20  1.3953724E-18
   1081.000      1.8904361E-20  1.3902606E-18
   1082.000      1.8801190E-20  1.3852058E-18
   1083.000      1.8698586E-20  1.3801926E-18
   1084.000      1.8596545E-20  1.3751828E-18
   1085.000      1.8496038E-20  1.3702142E-18
   1086.000      1.8395114E-20  1.3652319E-18
   1087.000      1.8295707E-20  1.3602502E-18
   1088.000      1.8195883E-20  1.3553399E-18
   1089.000      1.8097565E-20  1.3504607E-18
   1090.000      1.7999783E-20  1.3456011E-18
   1091.000      1.7902536E-20  1.3407706E-18
   1092.000      1.7805819E-20  1.3359504E-18
   1093.000      1.7709628E-20  1.3311768E-18
   1094.000      1.7613963E-20  1.3263978E-18
   1095.000      1.7518819E-20  1.3216699E-18
   1096.000      1.7424193E-20  1.3170026E-18
   1097.000      1.7331011E-20  1.3122967E-18
   1098.000      1.7237407E-20  1.3076331E-18
   1099.000      1.7144312E-20  1.3029986E-18
   1100.000      1.7052642E-20  1.2983807E-18
   1101.000      1.6961468E-20  1.2938008E-18
   1102.000      1.6869874E-20  1.2892282E-18
   1103.000      1.6779685E-20  1.2847063E-18
   1104.000      1.6689983E-20  1.2802099E-18
   1105.000      1.6600765E-20  1.2757341E-18
   1106.000      1.6512029E-20  1.2712775E-18
   1107.000      1.6423771E-20  1.2668576E-18
   1108.000      1.6336880E-20  1.2624584E-18
   1109.000      1.6249566E-20  1.2580727E-18
   1110.000      1.6162721E-20  1.2537288E-18
   1111.000      1.6077228E-20  1.2494146E-18
   1112.000      1.5991311E-20  1.2451015E-18
   1113.000      1.5906732E-20  1.2408536E-18
   1114.000      1.5822605E-20  1.2366144E-18
   1115.000      1.5738058E-20  1.2323847E-18
   1116.000      1.5654831E-20  1.2281734E-18
   1117.000      1.5572048E-20  1.2239379E-18
   1118.000      1.5489707E-20  1.2197517E-18
   1119.000      1.5407804E-20  1.2155963E-18
   1120.000      1.5326338E-20  1.2114518E-18
   1121.000      1.5246158E-20  1.2073129E-18
   1122.000      1.5165555E-20  1.2032169E-18
   1123.000      1.5085380E-20  1.1991270E-18
   1124.000      1.5006473E-20  1.1950688E-18
   1125.000      1.4927145E-20  1.1910312E-18
   1126.000      1.4849073E-20  1.1870001E-18
   1127.000      1.4771417E-20  1.1830057E-18
   1128.000      1.4693337E-20  1.1789974E-18
   1129.000      1.4616500E-20  1.1750370E-18
   1130.000      1.4540069E-20  1.1710947E-18
   1131.000      1.4464040E-20  1.1671774E-18
   1132.000      1.4388413E-20  1.1633140E-18
   1133.000      1.4313183E-20  1.1594739E-18
   1134.000      1.4239163E-20  1.1556434E-18
   1135.000      1.4164720E-20  1.1518516E-18
   1136.000      1.4090670E-20  1.1480636E-18
   1137.000      1.4017813E-20  1.1443167E-18
   1138.000      1.3944535E-20  1.1405661E-18
   1139.000      1.3872441E-20  1.1368479E-18
   1140.000      1.3799925E-20  1.1331452E-18
   1141.000      1.3728586E-20  1.1294587E-18
   1142.000      1.3657618E-20  1.1258055E-18
   1143.000      1.3587022E-20  1.1221619E-18
   1144.000      1.3516791E-20  1.1185269E-18
   1145.000      1.3446928E-20  1.1149144E-18
   1146.000      1.3377428E-20  1.1113416E-18
   1147.000      1.3308290E-20  1.1078098E-18
   1148.000      1.3239511E-20  1.1042811E-18
   1149.000      1.3171090E-20  1.1007568E-18
   1150.000      1.3103795E-20  1.0972750E-18
   1151.000      1.3036080E-20  1.0937982E-18
   1152.000      1.2968715E-20  1.0903038E-18
   1153.000      1.2902463E-20  1.0868381E-18
   1154.000      1.2836552E-20  1.0833783E-18
   1155.000      1.2770225E-20  1.0799259E-18
   1156.000      1.2704995E-20  1.0765130E-18
   1157.000      1.2640102E-20  1.0731336E-18
   1158.000      1.2575542E-20  1.0697607E-18
   1159.000      1.2511314E-20  1.0664063E-18
   1160.000      1.2447418E-20  1.0630703E-18
   1161.000      1.2383849E-20  1.0597284E-18
   1162.000      1.2320608E-20  1.0564547E-18
   1163.000      1.2257691E-20  1.0532032E-18
   1164.000      1.2195097E-20  1.0499704E-18
   1165.000      1.2133555E-20  1.0467666E-18
   1166.000      1.2071599E-20  1.0435613E-18
   1167.000      1.2010686E-20  1.0403902E-18
   1168.000      1.1949360E-20  1.0372259E-18
   1169.000      1.1889069E-20  1.0341074E-18
   1170.000      1.1829085E-20  1.0310063E-18
   1171.000      1.1768691E-20  1.0278788E-18
   1172.000      1.1709318E-20  1.0247657E-18
   1173.000      1.1650248E-20  1.0216721E-18
   1174.000      1.1591478E-20  1.0185882E-18
   1175.000      1.1533006E-20  1.0155027E-18
   1176.000      1.1474832E-20  1.0124465E-18
   1177.000      1.1416952E-20  1.0093945E-18
   1178.000      1.1359366E-20  1.0063322E-18
   1179.000      1.1302768E-20  1.0032926E-18
   1180.000      1.1245762E-20  1.0002357E-18
   1181.000      1.1189044E-20  9.9719652E-19
   1182.000      1.1133303E-20  9.9420006E-19
   1183.000      1.1077154E-20  9.9121042E-19
   1184.000      1.1021975E-20  9.8822792E-19
   1185.000      1.0967073E-20  9.8530456E-19
   1186.000      1.0911768E-20  9.8234212E-19
   1187.000      1.0857418E-20  9.7940769E-19
   1188.000      1.0803342E-20  9.7646645E-19
   1189.000      1.0749538E-20  9.7352789E-19
   1190.000      1.0696003E-20  9.7061063E-19
   1191.000      1.0642736E-20  9.6770019E-19
   1192.000      1.0589737E-20  9.6480703E-19
   1193.000      1.0537002E-20  9.6193381E-19
   1194.000      1.0484532E-20  9.5906805E-19
   1195.000      1.0432983E-20  9.5619887E-19
   1196.000      1.0381034E-20  9.5335761E-19
   1197.000      1.0329344E-20  9.5051272E-19
   1198.000      1.0278566E-20  9.4769214E-19
   1199.000      1.0227390E-20  9.4487911E-19
   1200.000      1.0177117E-20  9.4208375E-19
   1201.000      1.0126446E-20  9.3930877E-19
   1202.000      1.0076673E-20  9.3655436E-19
   1203.000      1.0027146E-20  9.3379168E-19
   1204.000      9.9778661E-21  9.3106209E-19
   1205.000      9.9288290E-21  9.2834408E-19
   1206.000      9.8800343E-21  9.2563992E-19
   1207.000      9.8314818E-21  9.2293556E-19
   1208.000      9.7831685E-21  9.2025125E-19
   1209.000      9.7350951E-21  9.1757460E-19
   1210.000      9.6872584E-21  9.1488874E-19
   1211.000      9.6396575E-21  9.1226058E-19
   1212.000      9.5922917E-21  9.0961454E-19
   1213.000      9.5457806E-21  9.0695918E-19
   1214.000      9.4988785E-21  9.0434198E-19
   1215.000      9.4528254E-21  9.0172892E-19
   1216.000      9.4063813E-21  8.9909921E-19
   1217.000      9.3607797E-21  8.9648749E-19
   1218.000      9.3147904E-21  8.9386740E-19
   1219.000      9.2696356E-21  8.9124596E-19
   1220.000      9.2247020E-21  8.8862338E-19
   1221.000      9.1793824E-21  8.8602117E-19
   1222.000      9.1348891E-21  8.8344172E-19
   1223.000      9.0906123E-21  8.8085946E-19
   1224.000      9.0465512E-21  8.7830120E-19
   1225.000      9.0027058E-21  8.7573922E-19
   1226.000      8.9590737E-21  8.7319595E-19
   1227.000      8.9156539E-21  8.7065050E-19
   1228.000      8.8730372E-21  8.6810186E-19
   1229.000      8.8300375E-21  8.6555936E-19
   1230.000      8.7872463E-21  8.6302959E-19
   1231.000      8.7452491E-21  8.6048973E-19
   1232.000      8.7028714E-21  8.5793188E-19
   1233.000      8.6606990E-21  8.5538773E-19
   1234.000      8.6193116E-21  8.5285221E-19
   1235.000      8.5775455E-21  8.5032197E-19
   1236.000      8.5365580E-21  8.4777343E-19
   1237.000      8.4957685E-21  8.4523331E-19
   1238.000      8.4546025E-21  8.4270033E-19
   1239.000      8.4142072E-21  8.4016399E-19
   1240.000      8.3740057E-21  8.3762418E-19
   1241.000      8.3339982E-21  8.3510661E-19
   1242.000      8.2941820E-21  8.3258779E-19
   1243.000      8.2545581E-21  8.3005832E-19
   1244.000      8.2151241E-21  8.2753216E-19
   1245.000      8.1758798E-21  8.2502617E-19
   1246.000      8.1368230E-21  8.2252167E-19
   1247.000      8.0979536E-21  8.2002447E-19
   1248.000      8.0598257E-21  8.1753806E-19
   1249.000      8.0213263E-21  8.1504567E-19
   1250.000      7.9830118E-21  8.1256904E-19
   1251.000      7.9454293E-21  8.1007865E-19
   1252.000      7.9074783E-21  8.0758269E-19
   1253.000      7.8702544E-21  8.0511950E-19
   1254.000      7.8326629E-21  8.0266039E-19
   1255.000      7.7957944E-21  8.0019979E-19
   1256.000      7.7591004E-21  7.9776380E-19
   1257.000      7.7220412E-21  7.9532635E-19
   1258.000      7.6856962E-21  7.9291176E-19
   1259.000      7.6495232E-21  7.9046672E-19
   1260.000      7.6135222E-21  7.8804096E-19
   1261.000      7.5776917E-21  7.8561763E-19
   1262.000      7.5420301E-21  7.8317977E-19
   1263.000      7.5065380E-21  7.8076260E-19
   1264.000      7.4712132E-21  7.7834134E-19
   1265.000      7.4360556E-21  7.7593269E-19
   1266.000      7.4010636E-21  7.7352590E-19
   1267.000      7.3662372E-21  7.7111824E-19
   1268.000      7.3315748E-21  7.6871926E-19
   1269.000      7.2975950E-21  7.6632711E-19
   1270.000      7.2632573E-21  7.6395713E-19
   1271.000      7.2290811E-21  7.6158183E-19
   1272.000      7.1955803E-21  7.5921583E-19
   1273.000      7.1617233E-21  7.5682337E-19
   1274.000      7.1285367E-21  7.5442305E-19
   1275.000      7.0949963E-21  7.5203343E-19
   1276.000      7.0621207E-21  7.4964143E-19
   1277.000      7.0293994E-21  7.4725672E-19
   1278.000      6.9968300E-21  7.4486461E-19
   1279.000      6.9639100E-21  7.4249236E-19
   1280.000      6.9316459E-21  7.4010967E-19
   1281.000      6.8995321E-21  7.3773731E-19
   1282.000      6.8675677E-21  7.3534356E-19
   1283.000      6.8357519E-21  7.3295998E-19
   1284.000      6.8040848E-21  7.3057238E-19
   1285.000      6.7725651E-21  7.2818612E-19
   1286.000      6.7411916E-21  7.2579148E-19
   1287.000      6.7099639E-21  7.2341339E-19
   1288.000      6.6788812E-21  7.2103297E-19
   1289.000      6.6484306E-21  7.1863735E-19
   1290.000      6.6176343E-21  7.1625823E-19
   1291.000      6.5869810E-21  7.1388727E-19
   1292.000      6.5569525E-21  7.1154159E-19
   1293.000      6.5265810E-21  7.0918040E-19
   1294.000      6.4963502E-21  7.0682242E-19
   1295.000      6.4667377E-21  7.0446971E-19
   1296.000      6.4372617E-21  7.0212016E-19
   1297.000      6.4074452E-21  6.9976357E-19
   1298.000      6.3782411E-21  6.9741195E-19
   1299.000      6.3486984E-21  6.9509409E-19
   1300.000      6.3197629E-21  6.9279685E-19
   1301.000      6.2909606E-21  6.9049822E-19
   1302.000      6.2622900E-21  6.8821944E-19
   1303.000      6.2337510E-21  6.8593756E-19
   1304.000      6.2053430E-21  6.8366436E-19
   1305.000      6.1770649E-21  6.8140430E-19
   1306.000      6.1489161E-21  6.7912733E-19
   1307.000      6.1208962E-21  6.7686018E-19
   1308.000      6.0930043E-21  6.7458575E-19
   1309.000      6.0652400E-21  6.7232310E-19
   1310.000      6.0376026E-21  6.7007875E-19
   1311.000      6.0100912E-21  6.6783435E-19
   1312.000      5.9827054E-21  6.6558566E-19
   1313.000      5.9558975E-21  6.6335496E-19
   1314.000      5.9287593E-21  6.6110828E-19
   1315.000      5.9017451E-21  6.5888953E-19
   1316.000      5.8753023E-21  6.5665878E-19
   1317.000      5.8485321E-21  6.5443314E-19
   1318.000      5.8223297E-21  6.5223527E-19
   1319.000      5.7958009E-21  6.5002934E-19
   1320.000      5.7698360E-21  6.4781368E-19
   1321.000      5.7435464E-21  6.4562114E-19
   1322.000      5.7178165E-21  6.4341587E-19
   1323.000      5.6922030E-21  6.4118523E-19
   1324.000      5.6667050E-21  6.3895990E-19
   1325.000      5.6408855E-21  6.3675914E-19
   1326.000      5.6156181E-21  6.3455346E-19
   1327.000      5.5904642E-21  6.3234830E-19
   1328.000      5.5654238E-21  6.3015022E-19
   1329.000      5.5404961E-21  6.2797727E-19
   1330.000      5.5156803E-21  6.2580029E-19
   1331.000      5.4909760E-21  6.2363313E-19
   1332.000      5.4663827E-21  6.2145945E-19
   1333.000      5.4419001E-21  6.1929374E-19
   1334.000      5.4175269E-21  6.1713955E-19
   1335.000      5.3932632E-21  6.1498604E-19
   1336.000      5.3695307E-21  6.1284716E-19
   1337.000      5.3454826E-21  6.1070548E-19
   1338.000      5.3215425E-21  6.0856800E-19
   1339.000      5.2981278E-21  6.0642301E-19
   1340.000      5.2744000E-21  6.0429080E-19
   1341.000      5.2507785E-21  6.0216215E-19
   1342.000      5.2276773E-21  6.0004855E-19
   1343.000      5.2042650E-21  5.9792844E-19
   1344.000      5.1813693E-21  5.9583505E-19
   1345.000      5.1581646E-21  5.9372750E-19
   1346.000      5.1354729E-21  5.9164057E-19
   1347.000      5.1128821E-21  5.8955768E-19
   1348.000      5.0899836E-21  5.8749242E-19
   1349.000      5.0675932E-21  5.8541609E-19
   1350.000      5.0453021E-21  5.8336039E-19
   1351.000      5.0231096E-21  5.8131348E-19
   1352.000      5.0010152E-21  5.7926900E-19
   1353.000      4.9786171E-21  5.7721971E-19
   1354.000      4.9567187E-21  5.7518604E-19
   1355.000      4.9349167E-21  5.7316927E-19
   1356.000      4.9132113E-21  5.7116356E-19
   1357.000      4.8916012E-21  5.6914808E-19
   1358.000      4.8700864E-21  5.6713896E-19
   1359.000      4.8486666E-21  5.6514365E-19
   1360.000      4.8277346E-21  5.6317289E-19
   1361.000      4.8065018E-21  5.6119681E-19
   1362.000      4.7853622E-21  5.5922367E-19
   1363.000      4.7643156E-21  5.5726708E-19
   1364.000      4.7437504E-21  5.5532378E-19
   1365.000      4.7228871E-21  5.5337592E-19
   1366.000      4.7021155E-21  5.5142563E-19
   1367.000      4.6818205E-21  5.4946098E-19
   1368.000      4.6612294E-21  5.4752114E-19
   1369.000      4.6407288E-21  5.4558739E-19
   1370.000      4.6207000E-21  5.4366947E-19
   1371.000      4.6003775E-21  5.4174845E-19
   1372.000      4.5805240E-21  5.3983482E-19
   1373.000      4.5607564E-21  5.3792460E-19
   1374.000      4.5406973E-21  5.3602343E-19
   1375.000      4.5211023E-21  5.3413451E-19
   1376.000      4.5015924E-21  5.3225371E-19
   1377.000      4.4817926E-21  5.3038004E-19
   1378.000      4.4624528E-21  5.2852043E-19
   1379.000      4.4431966E-21  5.2665866E-19
   1380.000      4.4240240E-21  5.2480438E-19
   1381.000      4.4049343E-21  5.2295651E-19
   1382.000      4.3859273E-21  5.2111391E-19
   1383.000      4.3670027E-21  5.1927281E-19
   1384.000      4.3481597E-21  5.1743864E-19
   1385.000      4.3293979E-21  5.1561197E-19
   1386.000      4.3107177E-21  5.1380055E-19
   1387.000      4.2921178E-21  5.1198292E-19
   1388.000      4.2735983E-21  5.1017083E-19
   1389.000      4.2551588E-21  5.0836452E-19
   1390.000      4.2367985E-21  5.0657047E-19
   1391.000      4.2185173E-21  5.0477813E-19
   1392.000      4.2006736E-21  5.0300693E-19
   1393.000      4.1825487E-21  5.0123345E-19
   1394.000      4.1645018E-21  4.9948319E-19
   1395.000      4.1465324E-21  4.9774223E-19
   1396.000      4.1289948E-21  4.9602304E-19
   1397.000      4.1111789E-21  4.9429853E-19
   1398.000      4.0937916E-21  4.9258683E-19
   1399.000      4.0761271E-21  4.9089256E-19
   1400.000      4.0588888E-21  4.8919911E-19
   1401.000      4.0413747E-21  4.8750567E-19
   1402.000      4.0242838E-21  4.8583605E-19
   1403.000      4.0069182E-21  4.8417161E-19
   1404.000      3.9899735E-21  4.8251622E-19
   1405.000      3.9731012E-21  4.8084759E-19
   1406.000      3.9559557E-21  4.7919628E-19
   1407.000      3.9392271E-21  4.7755081E-19
   1408.000      3.9225696E-21  4.7591506E-19
   1409.000      3.9059828E-21  4.7428386E-19
   1410.000      3.8894662E-21  4.7266465E-19
   1411.000      3.8726803E-21  4.7105253E-19
   1412.000      3.8563047E-21  4.6945033E-19
   1413.000      3.8399982E-21  4.6784307E-19
   1414.000      3.8237611E-21  4.6625198E-19
   1415.000      3.8075923E-21  4.6465061E-19
   1416.000      3.7914922E-21  4.6306119E-19
   1417.000      3.7754599E-21  4.6148225E-19
   1418.000      3.7594955E-21  4.5990808E-19
   1419.000      3.7435989E-21  4.5834507E-19
   1420.000      3.7280998E-21  4.5678428E-19
   1421.000      3.7123361E-21  4.5522101E-19
   1422.000      3.6966387E-21  4.5366995E-19
   1423.000      3.6810074E-21  4.5212405E-19
   1424.000      3.6654421E-21  4.5059196E-19
   1425.000      3.6502685E-21  4.4906188E-19
   1426.000      3.6348332E-21  4.4754938E-19
   1427.000      3.6194625E-21  4.4605073E-19
   1428.000      3.6044803E-21  4.4455462E-19
   1429.000      3.5892381E-21  4.4306430E-19
   1430.000      3.5743815E-21  4.4159094E-19
   1431.000      3.5592661E-21  4.4011644E-19
   1432.000      3.5445340E-21  4.3865031E-19
   1433.000      3.5295445E-21  4.3718941E-19
   1434.000      3.5149356E-21  4.3574008E-19
   1435.000      3.5000706E-21  4.3429877E-19
   1436.000      3.4855844E-21  4.3286134E-19
   1437.000      3.4708426E-21  4.3144146E-19
   1438.000      3.4564772E-21  4.3001160E-19
   1439.000      3.4421720E-21  4.2859834E-19
   1440.000      3.4279257E-21  4.2718861E-19
   1441.000      3.4134266E-21  4.2579722E-19
   1442.000      3.3992991E-21  4.2441001E-19
   1443.000      3.3852306E-21  4.2302614E-19
   1444.000      3.3712202E-21  4.2164604E-19
   1445.000      3.3572680E-21  4.2027243E-19
   1446.000      3.3433736E-21  4.1891184E-19
   1447.000      3.3295367E-21  4.1755883E-19
   1448.000      3.3157569E-21  4.1621175E-19
   1449.000      3.3020341E-21  4.1486235E-19
   1450.000      3.2883683E-21  4.1353380E-19
   1451.000      3.2747588E-21  4.1221091E-19
   1452.000      3.2612054E-21  4.1088718E-19
   1453.000      3.2477082E-21  4.0957786E-19
   1454.000      3.2342665E-21  4.0826246E-19
   1455.000      3.2208804E-21  4.0696648E-19
   1456.000      3.2075493E-21  4.0566225E-19
   1457.000      3.1942732E-21  4.0437784E-19
   1458.000      3.1813498E-21  4.0309015E-19
   1459.000      3.1681819E-21  4.0180231E-19
   1460.000      3.1550684E-21  4.0052026E-19
   1461.000      3.1423043E-21  3.9923678E-19
   1462.000      3.1292974E-21  3.9796259E-19
   1463.000      3.1163442E-21  3.9669336E-19
   1464.000      3.1037372E-21  3.9543224E-19
   1465.000      3.0908892E-21  3.9416506E-19
   1466.000      3.0783856E-21  3.9290479E-19
   1467.000      3.0656420E-21  3.9164601E-19
   1468.000      3.0532406E-21  3.9037714E-19
   1469.000      3.0406006E-21  3.8912404E-19
   1470.000      3.0283008E-21  3.8787890E-19
   1471.000      3.0157634E-21  3.8665834E-19
   1472.000      3.0035639E-21  3.8543877E-19
   1473.000      2.9914141E-21  3.8422483E-19
   1474.000      2.9790284E-21  3.8301906E-19
   1475.000      2.9669775E-21  3.8181111E-19
   1476.000      2.9549757E-21  3.8061757E-19
   1477.000      2.9430224E-21  3.7942718E-19
   1478.000      2.9308356E-21  3.7823539E-19
   1479.000      2.9189798E-21  3.7705035E-19
   1480.000      2.9071719E-21  3.7587811E-19
   1481.000      2.8954118E-21  3.7470256E-19
   1482.000      2.8836992E-21  3.7354060E-19
   1483.000      2.8720341E-21  3.7238878E-19
   1484.000      2.8604160E-21  3.7123129E-19
   1485.000      2.8488450E-21  3.7008371E-19
   1486.000      2.8373206E-21  3.6894220E-19
   1487.000      2.8258426E-21  3.6779932E-19
   1488.000      2.8144109E-21  3.6666877E-19
   1489.000      2.8030253E-21  3.6553538E-19
   1490.000      2.7916857E-21  3.6441279E-19
   1491.000      2.7803917E-21  3.6329470E-19
   1492.000      2.7691432E-21  3.6217397E-19
   1493.000      2.7579399E-21  3.6106193E-19
   1494.000      2.7470517E-21  3.5995418E-19
   1495.000      2.7359376E-21  3.5885067E-19
   1496.000      2.7248682E-21  3.5774685E-19
   1497.000      2.7138433E-21  3.5665229E-19
   1498.000      2.7031299E-21  3.5555699E-19
   1499.000      2.6921926E-21  3.5446463E-19
   1500.000      2.6812991E-21  3.5338089E-19
   1501.000      2.6707144E-21  3.5229607E-19
   1502.000      2.6599075E-21  3.5122655E-19
   1503.000      2.6491439E-21  3.5015372E-19
   1504.000      2.6386862E-21  3.4909126E-19
   1505.000      2.6280077E-21  3.4803221E-19
   1506.000      2.6176338E-21  3.4696965E-19
   1507.000      2.6071444E-21  3.4591034E-19
   1508.000      2.5967488E-21  3.4486403E-19
   1509.000      2.5863945E-21  3.4381868E-19
   1510.000      2.5760814E-21  3.4277910E-19
   1511.000      2.5658092E-21  3.4175158E-19
   1512.000      2.5555779E-21  3.4071802E-19
   1513.000      2.5454129E-21  3.3968619E-19
   1514.000      2.5352882E-21  3.3866245E-19
   1515.000      2.5252035E-21  3.3764538E-19
   1516.000      2.5151842E-21  3.3663121E-19
   1517.000      2.5051793E-21  3.3561812E-19
   1518.000      2.4952392E-21  3.3460875E-19
   1519.000      2.4853385E-21  3.3359990E-19
   1520.000      2.4755022E-21  3.3259082E-19
   1521.000      2.4656794E-21  3.3159318E-19
   1522.000      2.4559204E-21  3.3059346E-19
   1523.000      2.4462001E-21  3.2960012E-19
   1524.000      2.4365429E-21  3.2861112E-19
   1525.000      2.4268986E-21  3.2762660E-19
   1526.000      2.4173174E-21  3.2663762E-19
   1527.000      2.4077739E-21  3.2565103E-19
   1528.000      2.3982678E-21  3.2466498E-19
   1529.000      2.3888237E-21  3.2367888E-19
   1530.000      2.3794165E-21  3.2268895E-19
   1531.000      2.3700463E-21  3.2170750E-19
   1532.000      2.3607129E-21  3.2073057E-19
   1533.000      2.3514160E-21  3.1975747E-19
   1534.000      2.3421799E-21  3.1878398E-19
   1535.000      2.3329799E-21  3.1781768E-19
   1536.000      2.3238157E-21  3.1685443E-19
   1537.000      2.3146874E-21  3.1589387E-19
   1538.000      2.3056189E-21  3.1492981E-19
   1539.000      2.2965858E-21  3.1396909E-19
   1540.000      2.2875880E-21  3.1301804E-19
   1541.000      2.2786251E-21  3.1205885E-19
   1542.000      2.2697210E-21  3.1111563E-19
   1543.000      2.2608278E-21  3.1016181E-19
   1544.000      2.2519930E-21  3.0921875E-19
   1545.000      2.2432159E-21  3.0827633E-19
   1546.000      2.2344495E-21  3.0733896E-19
   1547.000      2.2257407E-21  3.0639982E-19
   1548.000      2.2170422E-21  3.0546115E-19
   1549.000      2.2084242E-21  3.0452615E-19
   1550.000      2.1998162E-21  3.0358852E-19
   1551.000      2.1912416E-21  3.0265732E-19
   1552.000      2.1827234E-21  3.0172669E-19
   1553.000      2.1742382E-21  3.0079854E-19
   1554.000      2.1657858E-21  2.9987047E-19
   1555.000      2.1573892E-21  2.9895078E-19
   1556.000      2.1490247E-21  2.9803630E-19
   1557.000      2.1406699E-21  2.9712428E-19
   1558.000      2.1323929E-21  2.9621821E-19
   1559.000      2.1241249E-21  2.9531488E-19
   1560.000      2.1158888E-21  2.9441948E-19
   1561.000      2.1077071E-21  2.9351791E-19
   1562.000      2.0995569E-21  2.9261879E-19
   1563.000      2.0914381E-21  2.9171974E-19
   1564.000      2.0833729E-21  2.9082952E-19
   1565.000      2.0753162E-21  2.8993422E-19
   1566.000      2.0673130E-21  2.8904834E-19
   1567.000      2.0593403E-21  2.8815881E-19
   1568.000      2.0514204E-21  2.8727525E-19
   1569.000      2.0435087E-21  2.8639244E-19
   1570.000      2.0356495E-21  2.8551193E-19
   1571.000      2.0278201E-21  2.8463347E-19
   1572.000      2.0200209E-21  2.8375353E-19
   1573.000      2.0122515E-21  2.8287465E-19
   1574.000      2.0045335E-21  2.8200029E-19
   1575.000      1.9968451E-21  2.8113406E-19
   1576.000      1.9891860E-21  2.8026166E-19
   1577.000      1.9815562E-21  2.7938904E-19
   1578.000      1.9739553E-21  2.7851618E-19
   1579.000      1.9664050E-21  2.7764015E-19
   1580.000      1.9588834E-21  2.7676623E-19
   1581.000      1.9513906E-21  2.7589922E-19
   1582.000      1.9439261E-21  2.7503453E-19
   1583.000      1.9364900E-21  2.7417281E-19
   1584.000      1.9291035E-21  2.7330748E-19
   1585.000      1.9217449E-21  2.7245018E-19
   1586.000      1.9144144E-21  2.7159046E-19
   1587.000      1.9071116E-21  2.7073262E-19
   1588.000      1.8998576E-21  2.6987054E-19
   1589.000      1.8926310E-21  2.6901387E-19
   1590.000      1.8854108E-21  2.6816061E-19
   1591.000      1.8782598E-21  2.6730406E-19
   1592.000      1.8711149E-21  2.6645535E-19
   1593.000      1.8639968E-21  2.6560446E-19
   1594.000      1.8569266E-21  2.6476014E-19
   1595.000      1.8498828E-21  2.6391645E-19
   1596.000      1.8428657E-21  2.6308267E-19
   1597.000      1.8358751E-21  2.6224774E-19
   1598.000      1.8289315E-21  2.6141146E-19
   1599.000      1.8220137E-21  2.6058076E-19
   1600.000      1.8151222E-21  2.5975115E-19
   1601.000      1.8082564E-21  2.5892320E-19
   1602.000      1.8014166E-21  2.5809684E-19
   1603.000      1.7946227E-21  2.5727607E-19
   1604.000      1.7878338E-21  2.5644902E-19
   1605.000      1.7810909E-21  2.5562435E-19
   1606.000      1.7743731E-21  2.5480198E-19
   1607.000      1.7677005E-21  2.5398327E-19
   1608.000      1.7610330E-21  2.5316367E-19
   1609.000      1.7544103E-21  2.5234595E-19
   1610.000      1.7478124E-21  2.5153482E-19
   1611.000      1.7412392E-21  2.5072100E-19
   1612.000      1.7346904E-21  2.4991021E-19
   1613.000      1.7281859E-21  2.4909841E-19
   1614.000      1.7217058E-21  2.4828741E-19
   1615.000      1.7152299E-21  2.4748357E-19
   1616.000      1.7088176E-21  2.4667508E-19
   1617.000      1.7024096E-21  2.4587300E-19
   1618.000      1.6960252E-21  2.4506939E-19
   1619.000      1.6896843E-21  2.4427111E-19
   1620.000      1.6833669E-21  2.4347526E-19
   1621.000      1.6770729E-21  2.4267367E-19
   1622.000      1.6708023E-21  2.4187658E-19
   1623.000      1.6645744E-21  2.4108070E-19
   1624.000      1.6583500E-21  2.4028255E-19
   1625.000      1.6521682E-21  2.3948910E-19
   1626.000      1.6460090E-21  2.3869610E-19
   1627.000      1.6398728E-21  2.3790301E-19
   1628.000      1.6337783E-21  2.3711044E-19
   1629.000      1.6276874E-21  2.3631865E-19
   1630.000      1.6216378E-21  2.3553154E-19
   1631.000      1.6156107E-21  2.3473424E-19
   1632.000      1.6096057E-21  2.3394743E-19
   1633.000      1.6036229E-21  2.3316324E-19
   1634.000      1.5976810E-21  2.3237962E-19
   1635.000      1.5917610E-21  2.3159822E-19
   1636.000      1.5858627E-21  2.3081930E-19
   1637.000      1.5799861E-21  2.3004304E-19
   1638.000      1.5741311E-21  2.2927146E-19
   1639.000      1.5682975E-21  2.2850050E-19
   1640.000      1.5625040E-21  2.2773226E-19
   1641.000      1.5567318E-21  2.2696709E-19
   1642.000      1.5509807E-21  2.2620280E-19
   1643.000      1.5452506E-21  2.2543619E-19
   1644.000      1.5395415E-21  2.2467725E-19
   1645.000      1.5338718E-21  2.2391459E-19
   1646.000      1.5282227E-21  2.2316157E-19
   1647.000      1.5225943E-21  2.2240795E-19
   1648.000      1.5169864E-21  2.2165695E-19
   1649.000      1.5113990E-21  2.2090608E-19
   1650.000      1.5058502E-21  2.2015756E-19
   1651.000      1.5003035E-21  2.1941372E-19
   1652.000      1.4947949E-21  2.1866910E-19
   1653.000      1.4893066E-21  2.1792683E-19
   1654.000      1.4838381E-21  2.1718421E-19
   1655.000      1.4784075E-21  2.1644885E-19
   1656.000      1.4729788E-21  2.1571504E-19
   1657.000      1.4675875E-21  2.1497892E-19
   1658.000      1.4622159E-21  2.1424519E-19
   1659.000      1.4568638E-21  2.1351624E-19
   1660.000      1.4515311E-21  2.1278790E-19
   1661.000      1.4462353E-21  2.1206184E-19
   1662.000      1.4409588E-21  2.1133813E-19
   1663.000      1.4356837E-21  2.1061695E-19
   1664.000      1.4304454E-21  2.0990140E-19
   1665.000      1.4252434E-21  2.0918846E-19
   1666.000      1.4200428E-21  2.0847668E-19
   1667.000      1.4148609E-21  2.0776613E-19
   1668.000      1.4097152E-21  2.0705774E-19
   1669.000      1.4045880E-21  2.0635334E-19
   1670.000      1.3994793E-21  2.0565182E-19
   1671.000      1.3943890E-21  2.0495199E-19
   1672.000      1.3893343E-21  2.0425511E-19
   1673.000      1.3842805E-21  2.0355862E-19
   1674.000      1.3792621E-21  2.0286802E-19
   1675.000      1.3742617E-21  2.0217880E-19
   1676.000      1.3692793E-21  2.0149117E-19
   1677.000      1.3643148E-21  2.0080733E-19
   1678.000      1.3593850E-21  2.0012784E-19
   1679.000      1.3544559E-21  1.9944621E-19
   1680.000      1.3495615E-21  1.9876703E-19
   1681.000      1.3446847E-21  1.9808974E-19
   1682.000      1.3398252E-21  1.9741257E-19
   1683.000      1.3349831E-21  1.9673996E-19
   1684.000      1.3301751E-21  1.9606842E-19
   1685.000      1.3253676E-21  1.9539924E-19
   1686.000      1.3205938E-21  1.9473358E-19
   1687.000      1.3158372E-21  1.9406818E-19
   1688.000      1.3110975E-21  1.9340533E-19
   1689.000      1.3063912E-21  1.9274981E-19
   1690.000      1.3016852E-21  1.9209794E-19
   1691.000      1.2970124E-21  1.9144788E-19
   1692.000      1.2923563E-21  1.9079782E-19
   1693.000      1.2877168E-21  1.9015269E-19
   1694.000      1.2830936E-21  1.8950625E-19
   1695.000      1.2784870E-21  1.8886604E-19
   1696.000      1.2738966E-21  1.8822316E-19
   1697.000      1.2693388E-21  1.8759048E-19
   1698.000      1.2647972E-21  1.8695816E-19
   1699.000      1.2602718E-21  1.8632681E-19
   1700.000      1.2557623E-21  1.8569882E-19
   1701.000      1.2512687E-21  1.8507379E-19
   1702.000      1.2468072E-21  1.8445207E-19
   1703.000      1.2423453E-21  1.8383149E-19
   1704.000      1.2379153E-21  1.8321416E-19
   1705.000      1.2335009E-21  1.8259752E-19
   1706.000      1.2291020E-21  1.8198483E-19
   1707.000      1.2247186E-21  1.8137538E-19
   1708.000      1.2203667E-21  1.8076698E-19
   1709.000      1.2160142E-21  1.8016025E-19
   1710.000      1.2116928E-21  1.7955576E-19
   1711.000      1.2073865E-21  1.7895674E-19
   1712.000      1.2030955E-21  1.7835971E-19
   1713.000      1.1988196E-21  1.7776447E-19
   1714.000      1.1945742E-21  1.7717124E-19
   1715.000      1.1903282E-21  1.7658062E-19
   1716.000      1.1861127E-21  1.7599040E-19
   1717.000      1.1819119E-21  1.7539504E-19
   1718.000      1.1777259E-21  1.7480725E-19
   1719.000      1.1735545E-21  1.7422626E-19
   1720.000      1.1693978E-21  1.7364562E-19
   1721.000      1.1652709E-21  1.7306539E-19
   1722.000      1.1611432E-21  1.7249259E-19
   1723.000      1.1570451E-21  1.7192020E-19
   1724.000      1.1529614E-21  1.7134894E-19
   1725.000      1.1488920E-21  1.7077963E-19
   1726.000      1.1448519E-21  1.7021570E-19
   1727.000      1.1408108E-21  1.6965119E-19
   1728.000      1.1367989E-21  1.6908990E-19
   1729.000      1.1327859E-21  1.6853040E-19
   1730.000      1.1288018E-21  1.6797527E-19
   1731.000      1.1248317E-21  1.6742138E-19
   1732.000      1.1208903E-21  1.6686700E-19
   1733.000      1.1169478E-21  1.6632038E-19
   1734.000      1.1130189E-21  1.6577868E-19
   1735.000      1.1091184E-21  1.6523919E-19
   1736.000      1.1052315E-21  1.6470218E-19
   1737.000      1.1013582E-21  1.6417096E-19
   1738.000      1.0974982E-21  1.6364000E-19
   1739.000      1.0936517E-21  1.6311069E-19
   1740.000      1.0898331E-21  1.6258500E-19
   1741.000      1.0860131E-21  1.6206200E-19
   1742.000      1.0822209E-21  1.6154094E-19
   1743.000      1.0784419E-21  1.6102280E-19
   1744.000      1.0746758E-21  1.6050527E-19
   1745.000      1.0709228E-21  1.5999185E-19
   1746.000      1.0671827E-21  1.5947741E-19
   1747.000      1.0634700E-21  1.5896619E-19
   1748.000      1.0597558E-21  1.5845629E-19
   1749.000      1.0560686E-21  1.5795173E-19
   1750.000      1.0523942E-21  1.5744676E-19
   1751.000      1.0487323E-21  1.5694528E-19
   1752.000      1.0450832E-21  1.5644632E-19
   1753.000      1.0414608E-21  1.5594865E-19
   1754.000      1.0378366E-21  1.5545265E-19
   1755.000      1.0342391E-21  1.5495960E-19
   1756.000      1.0306538E-21  1.5446635E-19
   1757.000      1.0270668E-21  1.5397758E-19
   1758.000      1.0235203E-21  1.5348637E-19
   1759.000      1.0199719E-21  1.5299873E-19
   1760.000      1.0164355E-21  1.5250967E-19
   1761.000      1.0129254E-21  1.5201662E-19
   1762.000      1.0094132E-21  1.5152481E-19
   1763.000      1.0059270E-21  1.5104319E-19
   1764.000      1.0024526E-21  1.5056610E-19
   1765.000      9.9899023E-22  1.5008961E-19
   1766.000      9.9553953E-22  1.4961680E-19
   1767.000      9.9211449E-22  1.4914558E-19
   1768.000      9.8868732E-22  1.4867912E-19
   1769.000      9.8528560E-22  1.4821244E-19
   1770.000      9.8189550E-22  1.4774919E-19
   1771.000      9.7851690E-22  1.4729002E-19
   1772.000      9.7514981E-22  1.4683013E-19
   1773.000      9.7179414E-22  1.4637166E-19
   1774.000      9.6844987E-22  1.4591535E-19
   1775.000      9.6513055E-22  1.4545923E-19
   1776.000      9.6182243E-22  1.4500651E-19
   1777.000      9.5851209E-22  1.4455622E-19
   1778.000      9.5522639E-22  1.4410651E-19
   1779.000      9.5195190E-22  1.4365958E-19
   1780.000      9.4870185E-22  1.4321439E-19
   1781.000      9.4544937E-22  1.4277071E-19
   1782.000      9.4220799E-22  1.4232904E-19
   1783.000      9.3899085E-22  1.4188894E-19
   1784.000      9.3578462E-22  1.4145073E-19
   1785.000      9.3258919E-22  1.4101650E-19
   1786.000      9.2940447E-22  1.4057985E-19
   1787.000      9.2623054E-22  1.4014775E-19
   1788.000      9.2306743E-22  1.3971667E-19
   1789.000      9.1992794E-22  1.3928730E-19
   1790.000      9.1678602E-22  1.3886026E-19
   1791.000      9.1366774E-22  1.3843541E-19
   1792.000      9.1055995E-22  1.3801306E-19
   1793.000      9.0746257E-22  1.3759126E-19
   1794.000      9.0437569E-22  1.3717188E-19
   1795.000      9.0129911E-22  1.3675245E-19
   1796.000      8.9823282E-22  1.3633310E-19
   1797.000      8.9518986E-22  1.3591430E-19
   1798.000      8.9215700E-22  1.3550068E-19
   1799.000      8.8912152E-22  1.3508918E-19
   1800.000      8.8610895E-22  1.3467693E-19
   1801.000      8.8310648E-22  1.3426492E-19
   1802.000      8.8012684E-22  1.3385382E-19
   1803.000      8.7714446E-22  1.3344893E-19
   1804.000      8.7417198E-22  1.3304189E-19
   1805.000      8.7122222E-22  1.3263751E-19
   1806.000      8.6828216E-22  1.3223345E-19
   1807.000      8.6535199E-22  1.3183086E-19
   1808.000      8.6243161E-22  1.3142905E-19
   1809.000      8.5952093E-22  1.3102836E-19
   1810.000      8.5661994E-22  1.3062721E-19
   1811.000      8.5372865E-22  1.3022740E-19
   1812.000      8.5085947E-22  1.2982657E-19
   1813.000      8.4798736E-22  1.2943057E-19
   1814.000      8.4513721E-22  1.2903298E-19
   1815.000      8.4229655E-22  1.2863777E-19
   1816.000      8.3946528E-22  1.2824466E-19
   1817.000      8.3664346E-22  1.2785384E-19
   1818.000      8.3383098E-22  1.2746446E-19
   1819.000      8.3104010E-22  1.2707532E-19
   1820.000      8.2824624E-22  1.2668716E-19
   1821.000      8.2547385E-22  1.2630203E-19
   1822.000      8.2271064E-22  1.2591602E-19
   1823.000      8.1995657E-22  1.2553055E-19
   1824.000      8.1721163E-22  1.2514948E-19
   1825.000      8.1447574E-22  1.2476790E-19
   1826.000      8.1174888E-22  1.2438730E-19
   1827.000      8.0904307E-22  1.2400831E-19
   1828.000      8.0633419E-22  1.2363016E-19
   1829.000      8.0364625E-22  1.2325389E-19
   1830.000      8.0096716E-22  1.2287610E-19
   1831.000      7.9828493E-22  1.2250105E-19
   1832.000      7.9563542E-22  1.2212734E-19
   1833.000      7.9298272E-22  1.2175071E-19
   1834.000      7.9033871E-22  1.2137844E-19
   1835.000      7.8770344E-22  1.2100833E-19
   1836.000      7.8508861E-22  1.2063755E-19
   1837.000      7.8248242E-22  1.2026507E-19
   1838.000      7.7987299E-22  1.1989563E-19
   1839.000      7.7728386E-22  1.1952500E-19
   1840.000      7.7470321E-22  1.1915816E-19
   1841.000      7.7213105E-22  1.1879043E-19
   1842.000      7.6957902E-22  1.1842650E-19
   1843.000      7.6702362E-22  1.1806181E-19
   1844.000      7.6447660E-22  1.1769481E-19
   1845.000      7.6194957E-22  1.1732996E-19
   1846.000      7.5943071E-22  1.1696563E-19
   1847.000      7.5692014E-22  1.1660305E-19
   1848.000      7.5441775E-22  1.1623919E-19
   1849.000      7.5192353E-22  1.1587973E-19
   1850.000      7.4943740E-22  1.1552178E-19
   1851.000      7.4695944E-22  1.1516255E-19
   1852.000      7.4450097E-22  1.1480676E-19
   1853.000      7.4203907E-22  1.1445069E-19
   1854.000      7.3959655E-22  1.1409509E-19
   1855.000      7.3716202E-22  1.1374106E-19
   1856.000      7.3473540E-22  1.1338979E-19
   1857.000      7.3231667E-22  1.1303622E-19
   1858.000      7.2990576E-22  1.1268583E-19
   1859.000      7.2750267E-22  1.1233565E-19
   1860.000      7.2511867E-22  1.1198711E-19
   1861.000      7.2273114E-22  1.1163951E-19
   1862.000      7.2036254E-22  1.1129269E-19
   1863.000      7.1799045E-22  1.1094719E-19
   1864.000      7.1563720E-22  1.1060178E-19
   1865.000      7.1329156E-22  1.1025877E-19
   1866.000      7.1095351E-22  1.0991550E-19
   1867.000      7.0862297E-22  1.0957276E-19
   1868.000      7.0631107E-22  1.0923083E-19
   1869.000      7.0399558E-22  1.0888990E-19
   1870.000      7.0169857E-22  1.0855054E-19
   1871.000      6.9939797E-22  1.0821168E-19
   1872.000      6.9711575E-22  1.0787052E-19
   1873.000      6.9484090E-22  1.0753245E-19
   1874.000      6.9257338E-22  1.0719460E-19
   1875.000      6.9031317E-22  1.0685794E-19
   1876.000      6.8806018E-22  1.0652101E-19
   1877.000      6.8582532E-22  1.0618460E-19
   1878.000      6.8358677E-22  1.0585080E-19
   1879.000      6.8136625E-22  1.0551634E-19
   1880.000      6.7914209E-22  1.0518155E-19
   1881.000      6.7693581E-22  1.0484891E-19
   1882.000      6.7473659E-22  1.0451659E-19
   1883.000      6.7254439E-22  1.0418433E-19
   1884.000      6.7035926E-22  1.0385311E-19
   1885.000      6.6818114E-22  1.0352391E-19
   1886.000      6.6602060E-22  1.0319420E-19
   1887.000      6.6385631E-22  1.0286505E-19
   1888.000      6.6170960E-22  1.0253472E-19
   1889.000      6.5955916E-22  1.0220690E-19
   1890.000      6.5742613E-22  1.0187984E-19
   1891.000      6.5529991E-22  1.0155214E-19
   1892.000      6.5318046E-22  1.0122467E-19
   1893.000      6.5106778E-22  1.0089724E-19
   1894.000      6.4896181E-22  1.0057011E-19
   1895.000      6.4686261E-22  1.0024427E-19
   1896.000      6.4478047E-22  9.9917369E-20
   1897.000      6.4269455E-22  9.9590155E-20
   1898.000      6.4062564E-22  9.9265273E-20
   1899.000      6.3856329E-22  9.8940437E-20
   1900.000      6.3650755E-22  9.8616751E-20
   1901.000      6.3445828E-22  9.8293207E-20
   1902.000      6.3241553E-22  9.7969062E-20
   1903.000      6.3037928E-22  9.7647463E-20
   1904.000      6.2834945E-22  9.7325179E-20
   1905.000      6.2633627E-22  9.7005435E-20
   1906.000      6.2431931E-22  9.6684398E-20
   1907.000      6.2231886E-22  9.6364906E-20
   1908.000      6.2031463E-22  9.6046603E-20
   1909.000      6.1832685E-22  9.5729057E-20
   1910.000      6.1634538E-22  9.5412046E-20
   1911.000      6.1437012E-22  9.5094564E-20
   1912.000      6.1240118E-22  9.4779647E-20
   1913.000      6.1043839E-22  9.4463296E-20
   1914.000      6.0849181E-22  9.4148250E-20
   1915.000      6.0654139E-22  9.3834871E-20
   1916.000      6.0460708E-22  9.3520439E-20
   1917.000      6.0266893E-22  9.3207577E-20
   1918.000      6.0074679E-22  9.2895808E-20
   1919.000      5.9883070E-22  9.2585176E-20
   1920.000      5.9692067E-22  9.2273658E-20
   1921.000      5.9501660E-22  9.1965178E-20
   1922.000      5.9311854E-22  9.1656549E-20
   1923.000      5.9122643E-22  9.1349781E-20
   1924.000      5.8935008E-22  9.1042710E-20
   1925.000      5.8746979E-22  9.0737771E-20
   1926.000      5.8560520E-22  9.0434797E-20
   1927.000      5.8373672E-22  9.0130802E-20
   1928.000      5.8188380E-22  8.9827750E-20
   1929.000      5.8003668E-22  8.9524892E-20
   1930.000      5.7819536E-22  8.9222641E-20
   1931.000      5.7635975E-22  8.8920087E-20
   1932.000      5.7452995E-22  8.8619478E-20
   1933.000      5.7270580E-22  8.8318888E-20
   1934.000      5.7089700E-22  8.8019766E-20
   1935.000      5.6908421E-22  8.7719454E-20
   1936.000      5.6728671E-22  8.7421010E-20
   1937.000      5.6548523E-22  8.7124265E-20
   1938.000      5.6369890E-22  8.6827288E-20
   1939.000      5.6191812E-22  8.6530039E-20
   1940.000      5.6014289E-22  8.6235369E-20
   1941.000      5.5837322E-22  8.5940524E-20
   1942.000      5.5660900E-22  8.5645848E-20
   1943.000      5.5485028E-22  8.5351953E-20
   1944.000      5.5310645E-22  8.5058162E-20
   1945.000      5.5135864E-22  8.4764551E-20
   1946.000      5.4962562E-22  8.4473455E-20
   1947.000      5.4788866E-22  8.4180917E-20
   1948.000      5.4616640E-22  8.3893052E-20
   1949.000      5.4444948E-22  8.3603112E-20
   1950.000      5.4273787E-22  8.3314174E-20
   1951.000      5.4103156E-22  8.3026225E-20
   1952.000      5.3933049E-22  8.2739923E-20
   1953.000      5.3763473E-22  8.2453945E-20
   1954.000      5.3594422E-22  8.2168535E-20
   1955.000      5.3426815E-22  8.1884974E-20
   1956.000      5.3258804E-22  8.1600980E-20
   1957.000      5.3092227E-22  8.1316934E-20
   1958.000      5.2925251E-22  8.1034794E-20
   1959.000      5.2759704E-22  8.0752835E-20
   1960.000      5.2594667E-22  8.0473869E-20
   1961.000      5.2430139E-22  8.0195296E-20
   1962.000      5.2266117E-22  7.9916323E-20
   1963.000      5.2102599E-22  7.9638526E-20
   1964.000      5.1939586E-22  7.9362694E-20
   1965.000      5.1777972E-22  7.9088018E-20
   1966.000      5.1615959E-22  7.8814564E-20
   1967.000      5.1455339E-22  7.8543177E-20
   1968.000      5.1294321E-22  7.8271565E-20
   1969.000      5.1134686E-22  7.8002078E-20
   1970.000      5.0975540E-22  7.7732075E-20
   1971.000      5.0816885E-22  7.7463164E-20
   1972.000      5.0658719E-22  7.7195170E-20
   1973.000      5.0501032E-22  7.6928488E-20
   1974.000      5.0343831E-22  7.6662291E-20
   1975.000      5.0187109E-22  7.6396702E-20
   1976.000      5.0030866E-22  7.6131739E-20
   1977.000      4.9875982E-22  7.5868366E-20
   1978.000      4.9720694E-22  7.5605381E-20
   1979.000      4.9566753E-22  7.5342867E-20
   1980.000      4.9413288E-22  7.5081659E-20
   1981.000      4.9259413E-22  7.4820199E-20
   1982.000      4.9106882E-22  7.4559779E-20
   1983.000      4.8954815E-22  7.4300607E-20
   1984.000      4.8803207E-22  7.4042177E-20
   1985.000      4.8652064E-22  7.3785306E-20
   1986.000      4.8502248E-22  7.3529183E-20
   1987.000      4.8352019E-22  7.3273668E-20
   1988.000      4.8202249E-22  7.3019117E-20
   1989.000      4.8053797E-22  7.2764914E-20
   1990.000      4.7904935E-22  7.2512830E-20
   1991.000      4.7757382E-22  7.2261522E-20
   1992.000      4.7610277E-22  7.2010312E-20
   1993.000      4.7463617E-22  7.1760581E-20
   1994.000      4.7317402E-22  7.1512136E-20
   1995.000      4.7171630E-22  7.1263839E-20
   1996.000      4.7026298E-22  7.1016790E-20
   1997.000      4.6881410E-22  7.0770917E-20
   1998.000      4.6736957E-22  7.0525109E-20
   1999.000      4.6593785E-22  7.0280244E-20
   2000.000      4.6450200E-22  7.0037130E-20
